80 160
2 2 2 1 3 1 4 2 1 2 2 3 1 2 2 1 1 1 3 2 1 1 3 2 6 1 2 2 2 1 1 2 2 3 3 1 1 2 2 2 3 1 2 3 1 3 2 3 1 1 1 2 1 2 2 3 2 5 4 1 1 3 3 2 2 1 2 2 3 1 3 1 3 1 1 3 1 3 2 1
84 52 19 29 16 4 122 37 55 35 129 51 151 144 87 71 81 125 159 154 119 23 103 41 79 63 143 115 75 73 145 21 60 36 95 136 62 83 111 70 0 112 53 74 109 65 82 117 27 32 152 9 64 105 126 92 113 91 86 124 108 101 128 94 34 22 98 18 104 68 20 120 116 153 17 25 139 135 49 157 56 97 90 15 106 8 110 39 28 102 50 150 138 147 149 76 132 141 47 88 48 2 80 89 54 7 142 72 3 26 114 14 6 133 130 59 40 118 148 137 30 61 1 31 44 38 85 127 121 155 57 131 5 67 123 43 10 46 93 96 42 78 156 107 146 33 66 134 12 69 99 158 100 45 24 11 58 77 13 140
127 131 153 87 144 8 25 99 39 18 33 83 79 30 23 55 41 105 93 101 128 15 42 85 57 22 66 92 11 71 145 7 142 143 95 77 119 158 0 125 122 157 118 26 28 116 138 52 38 89 69 140 67 50 14 19 147 34 37 45 115 106 16 135 103 58 3 31 97 150 21 46 60 1 75 91 86 49 126 98 64 151 108 121 102 65 62 112 10 136 35 36 109 24 17 113 149 13 133 117 96 156 139 81 70 134 148 152 94 159 12 84 32 5 146 27 76 154 20 54 48 2 6 29 104 114 155 61 9 74 111 47 73 100 132 53 141 72 82 120 90 63 137 130 88 129 80 4 68 56 123 51 43 107 110 40 59 44 78 124
117 42 139 18 157 89 97 13 5 86 46 158 29 66 141 140 94 31 143 71 57 87 151 127 145 51 146 55 54 12 11 43 148 65 61 73 32 53 1 0 50 156 72 15 125 27 120 129 25 23 26 142 34 149 91 63 40 123 126 113 136 133 138 30 104 16 78 45 137 85 35 48 108 124 60 8 77 147 88 83 9 144 111 47 152 59 135 67 80 75 38 112 69 3 70 82 116 98 100 28 99 81 4 49 17 58 19 122 10 20 159 150 119 52 22 24 68 153 79 7 74 21 114 106 102 107 131 155 118 132 93 130 36 37 134 95 2 84 41 44 101 110 103 128 92 154 115 6 64 105 56 76 109 62 39 90 121 33 14 96
73 115 22 41 49 102 48 67 4 69 101 14 109 56 72 157 44 108 54 127 82 120 36 43 117 139 113 147 12 112 27 91 129 136 85 40 23 130 42 87 107 105 11 5 116 38 97 68 81 64 20 151 159 126 51 18 104 93 1 94 76 59 143 103 9 149 148 106 74 78 21 37 47 128 86 114 7 145 77 153 95 65 156 89 110 132 17 121 55 137 0 46 98 142 8 135 80 83 6 29 131 133 155 96 2 62 10 141 35 71 125 16 122 57 3 124 28 118 32 19 150 144 88 15 45 79 134 58 31 50 13 61 158 33 123 66 152 140 63 119 25 26 99 84 60 92 53 52 90 111 146 75 154 24 100 138 34 39 70 30
60 77 80 84 119 108 14 67 90 58 22 71 109 112 30 53 62 48 34 10 1 52 11 2 148 152 142 111 19 69 64 95 147 145 106 28 20 5 85 126 26 134 124 32 115 154 16 133 153 75 116 54 40 3 137 158 79 157 141 98 96 132 63 55 8 131 61 4 125 59 0 21 101 114 130 155 29 50 39 9 70 51 92 99 144 87 12 72 156 44 127 102 113 135 43 17 41 117 83 47 81 120 24 23 88 146 129 104 100 128 74 56 49 159 97 136 18 107 7 151 139 93 36 73 66 15 35 25 149 118 105 82 78 37 91 6 122 94 57 65 121 103 86 68 140 89 150 42 33 31 13 110 45 143 38 46 76 138 27 123
145 22 73 100 8 114 47 21 154 102 152 156 74 144 85 118 20 124 82 68 89 142 51 37 15 54 10 149 132 0 136 79 69 148 48 117 158 30 87 159 58 98 95 19 26 72 138 32 4 55 135 12 6 13 23 122 76 41 25 56 133 57 42 146 107 27 157 147 24 46 5 1 11 126 127 103 75 50 105 90 7 49 140 96 84 83 45 40 97 113 93 3 151 116 70 111 44 115 153 134 150 80 17 109 101 62 60 18 29 67 34 125 78 33 141 2 14 120 53 130 88 104 81 65 36 121 52 16 129 63 77 28 112 86 123 94 92 131 128 110 143 108 31 99 91 137 119 35 139 39 106 66 59 61 71 155 43 38 64 9
79 157 91 102 16 109 58 89 67 154 104 99 75 54 137 131 56 18 5 78 39 111 7 128 63 141 20 95 149 118 110 94 98 38 133 130 4 1 47 119 26 57 136 74 49 151 84 120 9 83 114 53 68 76 21 124 55 37 108 40 134 24 0 153 10 36 82 70 35 106 126 93 155 113 117 59 50 17 43 138 88 69 92 105 61 64 2 25 101 127 159 48 140 27 14 31 52 143 65 142 46 156 42 107 19 152 44 62 8 129 23 97 30 144 116 11 103 28 145 77 73 32 66 158 71 22 34 13 12 15 51 41 6 96 115 87 147 148 60 90 100 146 33 72 122 29 81 80 3 132 45 123 125 121 150 85 135 86 112 139
80 7 106 91 23 72 63 1 82 77 65 55 43 35 37 14 152 10 15 64 54 124 151 145 25 84 115 113 27 137 150 97 102 98 11 119 129 105 112 41 86 94 88 58 12 159 46 78 144 87 24 32 50 85 142 96 108 48 104 73 49 28 100 6 89 118 44 62 74 81 33 125 128 147 69 40 67 158 101 9 156 30 52 57 117 3 107 139 132 59 39 153 20 157 110 22 109 42 114 133 90 92 75 2 0 34 154 134 148 111 17 18 143 140 29 61 70 76 53 79 123 122 136 26 93 5 149 4 120 138 66 47 19 68 121 56 141 95 103 31 126 155 21 135 127 51 38 16 36 116 131 60 45 146 13 130 83 8 99 71
76 136 115 118 82 32 18 5 75 8 85 150 149 12 67 13 87 0 57 99 88 61 69 143 24 33 117 121 120 48 55 4 62 89 158 2 37 131 7 19 152 71 102 124 86 96 153 39 11 138 66 101 72 73 79 129 65 156 47 6 148 91 128 34 157 31 40 3 107 50 127 135 23 56 100 147 53 22 140 29 137 106 145 78 38 142 133 17 59 94 93 122 54 43 41 144 42 134 81 141 9 109 125 151 105 83 154 95 112 52 92 35 139 111 10 146 58 21 25 90 26 44 84 108 51 63 116 74 15 28 126 123 60 68 27 114 30 104 98 64 130 1 14 159 119 80 16 103 110 97 45 70 36 49 113 132 46 20 77 155
126 82 122 27 48 105 146 99 73 13 154 138 115 108 88 150 143 15 74 45 51 71 35 65 76 153 104 64 72 132 96 49 17 14 107 156 83 7 103 44 134 112 102 18 124 142 5 147 131 46 8 130 22 117 86 59 139 120 106 1 54 119 136 128 137 42 75 145 157 77 26 110 140 36 57 148 47 123 80 9 141 43 55 100 109 90 40 33 151 39 56 144 113 23 133 32 20 10 28 61 58 94 158 121 24 98 111 149 19 63 79 127 16 34 159 12 70 38 50 68 87 30 135 66 129 69 89 31 95 29 118 6 92 25 62 41 116 97 125 53 2 91 0 152 52 4 93 37 78 21 101 84 11 81 155 67 114 85 3 60
58 114 23 65 15 109 39 3 82 47 110 111 72 44 75 33 117 73 126 31 99 11 32 102 131 14 107 68 6 76 141 5 106 105 97 63 139 19 125 87 135 150 78 100 146 91 89 138 62 140 104 37 10 137 92 86 136 25 69 59 90 112 22 13 81 124 12 151 29 61 77 132 48 130 46 101 71 94 45 93 154 60 7 133 156 144 85 159 122 16 20 148 118 129 147 153 57 149 79 18 2 120 134 66 64 8 123 143 119 145 34 1 103 157 142 155 51 0 70 84 49 116 24 108 21 36 41 9 152 35 80 54 98 55 158 42 26 88 113 56 17 127 40 74 30 115 95 43 28 128 67 38 83 121 4 27 53 96 52 50
91 19 84 57 137 100 99 121 107 146 21 140 18 46 96 157 9 64 23 36 43 68 119 132 59 25 106 22 114 31 11 117 147 141 3 111 93 53 70 37 73 30 97 158 58 120 129 80 34 71 16 2 115 7 38 14 83 123 49 48 108 136 76 72 103 90 6 82 102 62 54 148 15 32 118 88 42 20 127 74 60 44 142 0 133 110 89 150 155 138 17 75 78 112 55 128 125 104 45 40 27 77 159 79 26 81 98 56 124 61 5 50 105 33 134 39 92 47 10 41 13 113 130 35 85 51 87 101 152 4 151 65 149 94 12 69 145 29 109 144 86 24 52 156 139 67 1 122 135 95 143 153 8 126 131 154 28 66 116 63
53 95 23 33 30 15 155 4 36 6 103 159 114 68 124 89 18 42 46 60 112 25 87 64 82 79 120 152 98 109 29 63 67 44 138 157 134 39 12 119 97 16 84 105 76 130 1 10 141 80 92 122 31 8 107 62 55 49 137 144 56 136 22 65 126 37 108 153 54 81 150 147 127 19 47 75 21 83 38 2 115 91 69 27 51 57 34 101 9 128 135 94 74 158 28 86 96 146 100 11 3 43 50 61 110 113 66 143 149 132 40 93 78 52 71 41 77 99 129 0 13 26 20 73 85 140 133 156 58 139 104 117 45 145 116 121 90 151 118 123 7 14 142 48 24 131 106 35 72 5 148 70 125 59 17 111 102 32 154 88
53 110 30 150 57 71 125 147 66 40 14 101 146 141 15 158 17 111 70 112 20 122 119 123 114 19 140 24 132 81 73 152 9 84 117 109 2 133 121 63 6 126 69 18 142 56 51 139 47 33 97 34 83 32 149 105 55 54 93 78 68 129 92 46 5 95 10 106 25 115 135 28 91 137 120 82 74 62 127 60 104 12 7 36 157 16 0 143 79 154 58 102 100 138 23 77 38 8 21 88 65 31 144 76 87 94 98 155 44 153 45 11 4 3 48 96 13 61 52 118 89 124 130 107 80 145 59 35 50 134 99 42 90 116 41 159 136 128 75 27 72 43 86 131 49 113 29 67 1 64 151 37 108 22 39 26 156 85 103 148
37 120 39 126 41 4 138 104 11 78 132 125 134 70 89 142 5 123 66 131 135 144 90 112 77 52 83 130 27 50 79 65 30 150 75 143 155 46 121 119 60 109 9 81 72 42 157 97 76 92 63 80 111 32 23 108 145 101 8 99 137 3 44 128 96 105 24 85 149 147 129 113 29 116 91 43 88 61 13 25 86 45 33 62 140 36 106 49 148 18 93 95 74 31 28 7 12 154 34 133 73 118 159 151 58 2 16 53 38 14 107 19 35 156 48 153 115 114 59 127 56 152 51 94 100 98 10 71 84 21 68 158 136 55 82 0 20 22 6 141 64 1 102 15 17 103 122 67 26 124 69 146 117 87 47 40 54 139 110 57
135 136 27 54 100 17 46 126 90 47 50 124 24 40 99 157 140 18 42 86 104 147 158 37 72 60 131 57 56 129 130 123 58 115 68 19 11 141 12 74 85 23 21 132 32 106 128 14 97 10 66 146 91 0 44 121 36 148 15 71 151 73 70 48 6 38 9 28 35 122 2 8 77 33 52 110 3 29 109 45 5 16 143 155 62 107 93 114 111 101 133 84 79 142 67 81 98 156 75 41 49 7 61 88 96 76 144 30 64 134 13 78 95 43 159 139 152 83 112 105 25 92 82 69 154 80 22 65 26 63 116 113 119 137 138 1 108 103 51 127 102 149 118 55 53 59 125 87 31 150 94 117 89 39 145 34 153 20 4 120
9 108 28 3 14 142 106 42 0 8 135 118 50 140 60 34 49 128 11 95 35 91 152 20 69 88 43 156 29 16 30 61 145 38 132 143 68 146 117 5 92 148 31 134 63 99 79 72 125 77 19 23 86 37 96 158 144 64 26 22 67 66 130 84 127 55 53 24 71 87 121 137 126 74 147 155 149 36 101 119 40 44 15 48 120 62 138 51 27 102 105 103 150 12 59 75 109 110 113 111 151 97 133 124 1 58 56 94 17 114 45 6 100 159 104 139 41 122 70 153 82 115 154 76 81 33 2 39 47 13 89 141 18 10 21 131 123 25 7 4 32 83 78 54 57 98 80 93 90 85 73 52 112 129 46 136 116 107 65 157
49 34 148 151 21 3 133 87 45 123 81 44 94 39 104 118 59 98 103 27 82 119 57 141 40 62 63 33 29 79 142 97 77 158 138 116 78 38 73 157 101 145 65 32 83 90 139 132 2 51 52 24 134 53 135 69 72 16 159 50 20 1 56 129 64 12 41 113 30 18 128 70 121 131 140 144 95 13 125 126 55 28 26 91 111 0 60 143 23 17 46 96 85 147 153 22 150 71 120 25 152 14 66 75 43 117 107 58 5 155 127 88 146 99 149 100 115 37 74 102 31 6 110 4 10 92 108 156 114 105 48 11 130 35 89 124 136 19 80 76 7 154 122 137 9 42 36 109 93 86 112 54 15 106 8 47 84 67 68 61
58 113 7 37 70 108 13 12 55 15 97 27 138 51 86 136 66 158 41 112 53 71 143 116 129 72 159 95 106 141 107 121 115 59 123 57 18 118 156 60 93 42 20 43 150 44 148 21 29 49 134 105 5 120 39 137 135 46 139 48 146 128 2 67 34 25 1 82 77 142 119 24 28 117 127 23 9 157 31 52 36 14 154 126 35 76 88 149 69 62 3 50 22 0 90 100 92 64 61 155 98 132 145 30 96 131 6 140 73 47 103 110 84 63 133 87 147 40 151 74 152 32 33 153 102 16 17 91 99 8 85 109 54 94 65 81 114 38 122 104 80 89 11 26 56 4 45 10 78 101 83 144 125 79 68 111 130 124 19 75
18 22 49 62 126 110 78 84 144 13 97 76 20 24 88 43 36 74 68 79 142 129 8 77 94 136 7 146 31 137 145 117 1 153 158 33 135 71 138 100 113 45 115 10 151 64 72 30 37 47 67 41 128 102 101 26 99 89 116 51 92 0 140 118 6 132 108 29 148 134 112 103 154 35 104 55 12 42 105 54 91 9 157 122 95 32 50 46 5 3 82 107 17 4 98 139 48 81 120 53 75 25 96 111 63 66 39 59 80 27 131 15 73 114 85 44 87 155 83 28 125 60 23 61 16 159 109 156 58 69 147 56 14 123 19 86 149 65 141 133 119 38 52 106 127 2 93 121 90 57 150 70 40 143 130 11 124 21 34 152
157 66 11 4 144 65 118 64 98 72 83 78 67 1 100 49 3 8 143 111 13 29 106 48 19 156 70 62 42 57 25 131 110 133 6 150 89 151 105 9 159 107 68 33 41 153 5 40 132 21 117 51 0 88 113 47 112 24 14 122 108 22 96 99 79 114 95 16 139 71 129 54 10 27 30 147 80 58 86 109 23 63 36 121 116 73 60 81 12 7 102 136 39 31 77 15 43 32 103 18 69 90 119 141 55 74 44 128 101 59 120 17 92 20 34 126 82 115 125 124 52 154 76 37 87 97 2 75 140 35 93 84 135 158 146 127 123 148 28 104 138 45 61 145 134 152 142 53 91 130 38 56 85 50 46 155 137 149 94 26
146 100 15 69 137 104 4 141 16 28 67 10 62 55 149 159 117 40 22 71 13 58 138 94 19 85 76 157 132 115 45 68 108 130 20 114 139 73 35 52 34 80 38 26 81 43 158 105 37 134 106 2 14 32 89 103 133 83 72 99 65 56 125 131 91 42 31 8 9 79 135 49 142 150 5 7 36 127 96 27 147 47 30 60 88 48 78 112 84 95 144 136 63 118 75 25 102 98 23 29 155 24 111 121 153 107 77 66 92 74 154 1 126 110 90 6 11 0 41 12 51 145 33 86 93 18 148 101 59 120 113 116 70 44 46 64 53 50 151 123 97 143 156 61 109 39 57 140 87 129 128 17 152 122 82 124 3 21 119 54
8 67 142 24 135 38 94 103 25 27 19 13 91 143 70 7 87 96 145 58 18 5 39 29 118 147 43 82 45 84 98 117 68 88 31 65 128 149 102 73 76 126 62 104 6 48 79 123 21 141 85 11 100 10 16 41 33 116 140 129 137 99 52 80 0 150 4 78 107 50 63 97 130 42 9 36 151 148 14 37 106 124 49 115 12 26 74 32 133 72 122 113 77 30 152 1 139 153 51 146 83 111 56 60 114 44 154 144 15 23 61 69 54 90 112 71 138 20 159 131 127 22 136 125 121 120 105 110 55 101 108 53 86 132 134 59 156 40 119 57 89 3 95 47 46 34 75 157 93 64 109 155 158 35 17 2 28 92 66 81
55 99 129 52 25 53 29 85 47 44 30 72 139 62 111 98 119 31 154 102 89 37 50 138 51 117 123 149 78 67 101 104 137 125 16 42 105 63 48 21 94 87 112 95 12 96 84 24 39 66 113 69 109 118 122 108 157 83 19 75 23 126 124 133 3 54 10 0 115 90 120 151 8 57 153 132 65 56 13 64 155 28 45 32 7 5 6 14 80 15 40 11 130 103 146 145 20 86 147 71 46 18 143 68 114 116 135 35 26 88 33 9 81 76 82 136 60 2 92 107 131 159 59 97 34 43 36 100 141 41 58 91 4 38 152 73 27 144 150 93 121 77 79 140 148 142 110 158 156 49 134 74 17 61 127 128 106 22 1 70
66 75 45 37 71 113 60 8 150 132 83 63 93 81 64 2 79 111 127 4 137 152 84 69 134 115 61 9 101 35 19 3 25 126 124 102 44 135 118 108 17 156 36 16 107 65 31 105 57 47 51 1 117 33 145 78 103 122 28 131 157 38 86 67 141 80 96 32 49 129 10 6 136 14 130 43 106 22 120 112 76 148 54 90 151 133 119 58 143 99 109 23 89 42 147 144 34 110 74 72 13 91 88 26 154 95 82 0 155 87 5 158 68 55 53 128 149 40 139 52 15 77 138 7 73 12 70 146 121 21 98 92 100 97 62 39 114 142 56 27 24 140 123 11 153 59 30 46 29 85 48 94 20 125 104 116 50 41 159 18
64 127 92 102 38 103 98 144 119 50 10 32 112 21 8 7 6 11 57 66 143 136 4 71 68 124 13 138 132 47 153 80 100 113 9 88 25 104 151 145 95 58 134 60 93 48 89 109 84 5 1 43 156 125 35 90 41 140 24 149 49 37 137 61 121 150 107 0 42 56 45 16 148 30 86 19 99 67 78 94 139 123 87 65 28 83 22 55 63 146 97 130 142 14 135 116 106 110 82 52 118 133 34 131 77 46 91 36 31 108 69 15 26 70 73 76 2 54 3 114 74 159 141 20 147 157 158 27 117 111 75 154 59 51 44 23 81 105 39 29 17 12 101 85 33 40 152 120 122 129 72 18 53 128 155 126 79 96 115 62
64 125 124 77 53 158 88 15 6 75 24 44 143 27 81 71 57 13 98 18 132 96 107 133 5 76 131 25 55 154 106 95 54 45 137 116 9 150 43 33 61 99 141 49 159 74 59 4 60 85 42 78 114 66 28 46 2 146 126 73 123 65 138 127 41 113 72 100 11 157 93 1 148 39 56 0 120 51 62 38 83 23 149 129 142 17 117 32 144 152 36 97 20 147 155 101 115 31 119 14 110 35 16 151 40 12 3 69 19 29 108 87 111 94 128 112 130 103 121 80 26 79 50 52 92 63 102 7 37 21 145 153 104 70 140 22 48 47 67 90 118 30 10 109 84 134 82 89 139 135 86 156 105 58 136 34 8 91 122 68
100 19 54 113 76 14 111 116 64 104 93 117 45 5 144 133 142 27 2 21 158 53 66 130 52 16 87 47 89 138 50 91 35 49 11 43 51 9 31 69 152 140 8 151 41 28 73 57 103 74 25 119 36 112 145 146 123 131 115 71 24 1 77 147 38 156 105 110 124 153 154 79 75 141 121 134 65 114 23 98 108 12 46 62 42 34 40 128 48 13 97 58 63 92 96 67 94 159 122 39 143 84 6 60 72 150 99 155 70 139 157 68 129 81 30 86 55 4 102 149 7 118 127 32 10 126 20 125 59 37 26 0 106 3 109 101 88 95 137 29 61 85 90 33 80 120 17 22 107 56 82 78 44 132 148 136 15 135 18 83
130 128 111 14 84 153 43 125 58 67 95 151 29 77 23 98 20 61 34 149 110 123 19 0 56 64 107 4 35 120 57 44 6 70 157 59 53 99 117 78 89 82 60 124 102 13 25 80 116 108 136 7 146 79 5 28 144 48 75 140 55 137 103 97 83 31 3 147 143 104 45 150 18 85 11 51 101 72 159 39 68 50 129 90 142 10 96 17 134 76 139 49 2 12 65 135 100 69 121 88 74 21 47 122 154 62 30 87 131 115 40 114 127 133 71 24 156 94 109 9 63 138 92 105 33 112 16 91 54 119 132 36 113 15 118 155 86 152 38 81 27 37 148 141 93 8 26 145 52 158 41 126 73 1 46 42 66 32 22 106
87 79 77 102 119 98 32 158 96 74 13 66 151 143 50 123 118 49 90 22 72 125 134 47 107 37 112 46 80 11 84 1 26 93 120 57 78 73 117 136 94 82 100 27 34 55 86 129 76 15 81 43 23 92 28 9 70 159 14 8 29 2 0 36 68 105 53 31 83 51 130 40 44 132 12 59 4 16 17 3 75 7 65 101 108 157 114 41 131 54 97 113 61 63 39 147 126 5 24 150 104 71 62 58 109 67 139 60 122 45 30 110 149 128 18 133 6 152 25 20 144 64 145 48 156 91 154 148 141 111 95 106 38 146 10 153 127 103 124 142 116 33 21 19 121 137 135 88 115 140 52 138 42 69 85 56 155 99 89 35
22 53 36 101 159 105 149 139 34 11 60 71 0 51 128 4 99 125 75 97 153 3 27 31 127 49 92 43 61 132 24 37 74 73 8 117 13 143 86 93 18 112 115 85 120 35 48 44 64 106 1 12 83 9 57 17 78 113 151 82 33 135 134 89 70 32 54 20 2 136 67 23 147 25 123 7 10 133 45 28 122 6 59 14 98 95 156 79 109 119 42 29 39 62 154 41 118 46 100 88 77 108 68 116 155 91 103 69 30 76 148 81 72 56 102 16 50 158 124 94 47 111 63 126 38 19 121 55 110 157 152 145 107 80 26 87 130 141 146 144 90 138 84 58 66 52 137 150 21 5 96 15 104 140 131 65 114 129 142 40
132 3 114 84 98 63 95 9 106 34 51 62 117 82 55 73 96 86 116 154 158 92 68 65 119 139 159 150 140 23 89 134 61 4 103 32 126 24 39 16 40 101 70 44 108 21 0 26 104 94 41 138 100 155 36 52 115 109 76 30 135 37 31 6 151 13 14 157 113 97 88 156 123 83 110 48 122 105 10 11 33 99 143 145 71 46 56 69 49 149 38 74 118 147 153 72 148 8 124 29 137 102 121 75 57 64 133 107 93 81 111 20 91 131 18 28 90 85 53 78 19 12 2 87 128 1 22 146 5 79 15 130 125 60 42 141 66 152 80 120 50 54 127 77 144 136 43 25 7 17 58 45 112 142 59 129 47 35 27 67
68 55 17 126 95 36 122 31 112 103 82 50 54 147 94 9 66 71 56 81 152 46 72 76 62 61 35 30 34 150 93 144 52 80 29 49 155 98 96 37 43 153 101 8 11 15 99 24 47 107 39 115 4 141 116 102 1 88 75 53 140 124 92 22 13 131 69 133 121 113 64 77 79 63 33 117 87 145 58 97 90 91 85 146 149 128 73 70 16 65 104 20 154 134 111 142 89 110 14 105 10 12 143 127 57 119 51 40 106 130 74 78 83 32 159 84 109 59 28 6 67 23 114 118 135 3 19 129 0 157 125 2 100 136 60 120 86 158 123 108 139 7 148 137 151 44 25 42 45 21 18 156 138 132 41 26 5 38 27 48
61 33 50 114 66 102 100 157 56 17 48 40 44 139 129 43 39 95 10 70 141 113 5 57 106 142 19 27 67 14 68 24 15 26 94 119 110 54 6 132 75 144 105 97 134 46 88 77 13 82 91 41 4 125 80 126 78 92 49 96 150 20 143 55 28 108 45 9 51 42 128 84 12 64 53 149 31 8 86 60 11 16 122 3 22 127 63 87 151 32 124 138 93 30 74 76 145 34 23 7 148 131 115 21 116 117 101 52 154 118 72 146 18 69 2 47 104 62 0 38 25 123 140 98 120 152 156 89 85 65 147 71 83 1 103 137 158 153 130 29 136 99 135 159 112 107 81 111 35 37 79 59 109 73 58 36 155 133 90 121
1 81 7 0 133 141 150 43 145 14 125 102 129 70 39 113 155 138 117 10 55 116 143 38 106 47 139 51 6 99 59 146 91 45 49 19 53 122 134 88 156 109 159 30 24 52 123 71 136 66 48 98 153 61 110 97 28 95 111 11 128 22 94 131 119 77 100 74 29 36 37 5 105 135 114 27 50 148 25 3 130 84 151 120 78 12 18 67 46 8 40 72 63 33 104 85 26 4 140 121 57 147 21 79 16 75 32 101 118 127 93 80 64 108 152 107 87 157 112 132 154 17 86 23 103 142 73 158 83 58 144 126 31 124 82 92 115 149 69 13 90 60 65 89 34 42 96 15 68 41 9 137 44 35 76 54 56 2 62 20
120 105 15 149 152 35 8 16 102 37 77 45 49 41 54 59 96 107 100 126 76 39 117 20 143 158 38 83 6 18 116 98 137 89 61 22 63 95 93 110 97 123 109 144 82 0 62 104 113 9 51 80 71 40 52 65 84 125 72 128 114 118 139 57 94 70 67 66 14 7 79 12 33 44 42 69 43 135 99 81 13 68 74 122 50 34 90 56 31 133 130 58 10 28 101 55 60 136 108 138 5 115 159 148 103 88 157 23 124 121 75 4 134 92 150 21 129 85 24 36 151 19 142 119 29 46 111 91 145 25 86 141 47 73 106 147 87 3 30 155 153 156 131 27 11 154 48 146 2 132 112 64 53 17 26 78 1 32 127 140
107 7 56 69 2 49 146 85 74 65 149 104 36 58 109 142 48 12 35 139 0 115 45 15 116 137 28 78 118 128 123 22 126 44 114 75 150 27 148 5 144 99 95 151 154 89 14 40 4 129 73 8 122 125 136 57 51 157 54 121 82 81 10 158 42 30 159 17 108 50 141 19 132 86 55 25 94 117 84 24 140 101 127 152 41 34 70 11 13 26 100 138 131 120 53 130 77 60 135 47 133 113 3 105 134 1 156 155 38 88 33 39 145 92 76 83 124 147 20 66 71 68 31 143 97 43 93 61 96 119 153 62 67 111 110 52 23 103 46 16 37 91 32 87 6 106 80 90 9 18 29 63 72 102 59 21 112 79 98 64
37 94 29 2 142 7 155 67 156 152 120 42 105 73 33 132 143 154 57 125 14 15 139 93 40 90 51 136 74 63 138 119 114 59 0 108 21 150 34 117 158 148 5 121 54 62 100 24 16 95 55 85 122 47 113 147 11 71 48 78 88 107 103 86 18 12 77 79 66 96 92 80 41 81 70 69 157 102 106 137 65 19 32 126 115 127 84 75 83 20 23 140 110 44 56 135 146 25 131 39 111 144 28 123 159 9 87 129 53 82 10 35 31 22 36 52 128 46 58 45 101 153 98 112 6 91 89 76 99 68 27 43 60 1 13 61 30 118 49 109 26 3 116 4 50 145 124 97 134 130 104 8 141 38 149 151 133 64 17 72
26 129 123 29 118 127 120 150 89 45 121 141 155 25 47 37 73 152 72 84 134 19 56 91 59 100 27 111 34 132 54 80 67 85 92 110 113 36 102 63 142 106 13 21 78 43 105 109 3 126 108 22 55 86 124 95 30 139 60 99 77 114 128 69 138 68 16 65 50 151 87 122 74 98 156 104 10 93 97 42 116 33 40 17 159 46 135 115 94 24 53 41 9 38 66 107 0 1 146 154 28 88 23 14 131 79 64 12 6 11 96 153 52 71 39 136 158 117 149 144 147 15 119 101 62 81 8 82 5 7 143 70 58 112 35 130 140 103 76 125 157 57 75 133 4 18 31 83 51 137 148 90 44 61 145 2 49 32 20 48
122 64 42 90 82 142 112 113 27 138 137 51 154 41 62 77 115 16 123 83 88 97 155 21 72 125 107 54 14 15 28 56 148 45 98 52 73 20 8 99 81 17 48 152 35 134 147 95 119 110 84 87 47 69 157 109 151 29 136 132 144 104 66 120 61 2 85 19 25 13 130 63 78 11 127 44 145 26 58 93 158 23 18 146 153 46 43 10 6 60 141 96 7 40 67 128 108 86 39 50 135 80 124 133 12 65 102 94 156 126 24 103 143 0 71 5 121 139 106 76 57 22 34 55 37 32 49 114 30 92 70 149 111 59 31 140 105 129 159 75 36 1 100 74 101 79 4 53 38 68 117 3 89 131 91 9 33 150 118 116
19 142 121 72 120 123 125 12 92 65 76 122 100 88 34 62 84 127 146 8 97 141 106 153 139 36 95 4 3 28 0 56 63 77 91 93 109 99 39 16 143 75 96 101 145 27 60 9 140 26 138 150 44 30 113 144 23 5 41 70 20 53 135 45 112 74 102 11 78 79 38 131 126 94 48 158 10 57 43 17 2 49 18 136 147 1 24 86 50 13 15 128 137 83 71 64 152 89 29 98 35 107 124 25 159 111 59 22 155 108 33 58 114 103 7 130 40 47 14 69 149 157 154 31 129 80 104 85 105 81 117 52 61 55 115 134 82 90 110 66 37 151 32 54 21 116 68 51 156 133 118 67 87 119 132 42 73 148 46 6
54 120 97 137 119 7 89 115 16 28 79 61 141 82 13 58 73 138 4 154 42 49 40 10 80 121 152 75 14 142 95 106 88 29 159 57 136 27 18 117 30 0 96 113 5 140 51 1 148 78 48 55 22 108 100 81 56 107 65 23 12 68 77 84 118 20 101 145 46 15 114 70 133 90 126 64 157 31 124 98 24 43 129 158 60 25 9 34 153 66 8 109 135 45 37 52 87 150 147 47 156 127 155 128 32 103 134 132 3 85 149 33 94 99 130 93 74 53 6 123 116 122 112 143 83 86 105 50 144 67 35 139 11 39 26 125 131 110 91 17 76 72 104 44 102 63 59 38 71 36 19 146 69 2 92 111 151 21 62 41
105 42 103 113 148 157 19 141 48 159 16 6 21 41 145 143 123 62 129 10 38 87 25 99 95 49 51 121 32 100 132 122 13 126 68 151 109 3 9 158 70 44 150 152 27 73 69 125 144 2 90 5 81 71 29 85 153 140 55 84 12 50 43 119 137 97 124 117 86 61 120 78 37 76 52 34 26 91 63 23 142 35 110 115 79 116 156 47 45 33 65 15 146 138 88 89 4 14 11 64 154 106 54 17 112 56 31 136 1 107 82 94 155 118 102 92 77 147 80 30 130 127 40 131 96 20 104 39 128 108 22 7 8 139 60 57 53 114 134 72 111 98 135 36 149 24 67 59 0 133 18 66 93 28 101 58 46 74 83 75
115 31 61 45 43 138 150 46 147 151 105 122 14 40 0 85 47 73 44 27 125 7 112 22 11 50 12 155 55 52 145 102 116 146 67 57 4 101 110 131 25 132 23 9 2 143 133 120 19 94 95 106 75 56 38 30 87 29 134 13 80 21 117 129 119 6 103 24 91 118 37 114 15 124 65 1 111 127 88 100 16 79 69 51 77 3 135 18 153 148 141 41 113 10 48 78 90 81 142 154 152 20 5 83 86 28 49 126 33 26 93 74 68 35 128 130 136 108 96 144 99 98 109 84 158 140 123 139 58 76 72 82 63 70 59 32 36 159 39 53 107 137 89 104 62 42 66 121 17 71 54 8 157 34 156 92 64 149 60 97
103 76 29 81 42 82 102 131 121 119 2 125 150 62 41 106 124 117 85 64 17 27 156 61 77 70 99 116 86 108 137 149 115 89 142 72 157 141 32 92 112 73 126 129 46 83 19 127 59 54 6 52 47 18 34 63 114 87 111 33 13 43 75 78 84 74 31 146 16 120 97 100 14 151 138 147 139 38 148 49 20 22 144 95 113 37 66 107 23 109 105 158 7 58 55 98 79 159 68 45 135 36 104 71 96 9 35 4 94 21 133 60 40 48 3 44 8 145 11 25 143 67 88 57 154 15 134 93 50 91 5 132 152 69 153 110 130 39 123 24 56 101 1 155 90 122 10 26 12 140 53 28 51 118 136 65 30 0 128 80
69 47 138 97 66 159 77 76 123 142 52 140 21 121 130 27 62 58 30 50 4 25 111 37 1 83 126 88 143 101 13 15 68 44 55 106 49 75 104 45 110 53 86 151 154 155 131 11 157 22 65 74 146 127 135 8 3 105 43 158 42 112 107 134 51 70 139 136 40 19 72 94 152 117 59 84 108 132 102 90 87 57 148 46 33 10 119 99 79 16 7 48 35 103 81 85 100 89 64 156 67 80 24 34 82 61 38 2 92 96 18 116 23 147 41 124 20 114 109 113 150 36 0 60 122 9 14 28 137 120 17 93 145 26 5 78 63 133 144 31 91 29 153 98 56 73 141 95 6 71 118 54 125 115 128 12 32 149 129 39
111 79 116 75 154 144 11 132 37 68 26 114 9 14 130 72 70 46 52 139 74 102 117 47 65 105 3 157 35 115 148 150 108 103 127 86 32 155 90 107 2 131 38 128 89 66 24 18 23 149 81 137 69 152 109 1 99 122 143 101 92 140 39 58 63 83 27 33 146 61 145 133 40 0 4 16 12 77 19 34 25 55 59 49 147 138 71 56 96 30 64 88 142 135 104 31 8 97 20 100 123 82 158 134 84 91 78 43 156 118 50 29 110 60 17 41 151 95 6 42 141 125 129 106 45 126 113 15 10 76 54 7 51 94 112 136 48 80 13 153 159 22 53 119 85 5 73 28 67 120 124 21 93 57 36 98 44 87 62 121
73 87 106 11 19 82 91 102 64 26 153 54 158 128 109 90 141 129 38 134 71 30 92 105 39 0 139 37 97 34 79 150 13 29 110 104 33 50 74 120 151 52 83 81 53 88 25 43 42 156 99 84 20 40 65 51 125 61 17 21 101 22 4 143 41 48 149 93 123 45 96 86 98 136 44 76 121 1 116 56 157 108 133 148 100 12 146 16 62 18 155 6 117 85 2 8 27 59 15 47 68 115 63 35 55 14 152 36 60 3 57 49 114 135 118 159 9 147 28 46 31 122 72 112 89 78 126 142 67 145 5 154 138 140 144 111 7 137 75 107 132 66 80 131 69 124 77 127 58 130 119 70 113 94 95 23 103 24 32 10
46 84 128 36 5 115 156 125 111 135 158 130 104 56 63 127 144 20 100 73 89 8 83 126 159 53 87 139 147 140 70 154 0 9 85 40 24 137 55 123 59 129 3 16 101 7 19 106 48 112 142 12 51 136 32 134 153 157 39 44 57 92 79 25 117 131 138 60 108 37 152 30 150 21 58 81 75 2 143 65 76 11 38 54 66 95 41 119 94 105 114 49 71 133 86 145 61 124 29 149 88 72 62 113 33 148 26 23 69 43 141 13 18 1 93 10 28 120 116 103 52 42 22 67 122 90 78 118 132 146 45 6 17 109 14 47 15 91 77 4 110 99 96 151 98 155 97 68 64 35 31 74 102 34 80 121 27 82 107 50
45 19 53 75 151 66 4 70 110 11 15 104 36 153 94 65 38 81 48 155 18 131 77 113 125 51 39 152 20 47 57 23 22 90 63 52 35 97 101 28 59 103 79 96 141 29 64 49 72 106 26 148 17 138 82 158 147 108 41 61 71 140 121 2 114 40 74 134 83 111 14 84 56 116 58 98 145 8 156 136 67 27 32 142 112 115 95 124 5 86 123 42 80 132 157 118 102 16 93 50 137 91 10 12 0 73 31 107 159 9 34 6 100 3 88 122 105 85 55 92 149 127 68 89 150 13 43 1 130 54 144 135 126 33 25 133 146 44 60 117 46 21 99 78 76 139 119 24 128 120 109 30 129 62 87 154 37 7 69 143
112 115 86 31 1 59 11 98 55 42 91 50 82 153 48 118 51 133 69 45 130 96 126 92 143 36 110 10 129 7 88 114 5 146 85 61 113 97 12 111 57 34 30 18 58 77 90 137 41 20 145 27 80 81 134 9 75 35 127 128 78 139 89 73 99 119 39 52 138 14 108 104 24 135 87 46 158 56 148 38 32 8 157 60 155 107 125 23 131 102 94 116 21 68 63 64 19 140 84 66 93 132 71 0 144 117 100 25 22 47 76 15 65 70 28 154 74 26 95 152 62 120 33 54 40 17 151 121 150 109 103 83 141 156 159 44 53 101 136 123 79 105 37 4 122 67 3 142 149 43 6 16 29 147 106 124 13 2 72 49
117 46 69 29 137 30 39 17 155 86 41 50 98 124 157 83 153 108 100 8 77 91 132 64 65 24 56 37 5 72 126 131 43 74 147 51 101 95 52 148 33 154 12 96 59 105 36 35 97 2 9 141 92 140 14 123 4 73 116 125 13 84 133 80 122 145 68 76 151 45 112 40 93 115 89 87 99 150 22 143 6 90 158 38 66 57 70 28 0 67 134 118 102 78 58 7 88 32 136 119 159 49 44 79 106 55 54 26 61 27 48 152 104 62 85 25 10 121 34 135 82 114 107 3 21 47 42 63 1 103 94 71 53 19 149 18 113 15 138 16 81 144 142 130 120 110 139 111 11 127 31 20 109 60 75 156 129 128 23 146
20 131 8 87 156 36 57 24 44 154 146 33 65 129 139 117 92 42 2 123 109 137 14 124 121 141 38 80 29 101 107 12 94 93 54 58 86 34 49 6 83 10 112 7 67 158 102 32 138 126 0 88 18 13 132 110 108 39 35 22 25 113 51 77 140 96 28 95 19 66 105 148 73 56 91 147 122 47 82 41 84 31 150 114 62 104 4 152 100 9 128 63 144 125 52 70 45 37 43 153 157 127 61 16 159 142 53 68 40 115 133 74 97 76 79 151 69 85 64 17 145 48 46 149 106 27 5 55 50 15 71 75 134 26 78 120 30 118 155 98 59 130 90 21 89 116 119 1 136 99 103 135 11 60 72 23 3 111 143 81
14 78 136 5 90 83 18 26 3 77 145 68 138 121 20 113 139 155 33 88 8 51 1 104 108 86 151 127 36 75 111 10 11 50 19 133 146 91 49 158 54 159 103 69 72 98 25 79 40 23 100 81 65 6 93 22 97 43 124 58 70 122 157 118 44 76 29 62 47 0 24 66 35 63 106 141 150 135 92 67 55 126 107 57 60 32 105 128 85 143 117 74 31 64 154 152 114 28 37 116 13 149 101 99 147 142 144 134 53 16 4 96 156 87 41 56 2 15 94 61 30 110 73 17 102 125 48 129 95 153 140 38 27 130 148 45 131 59 132 109 119 71 21 89 12 120 9 52 34 115 82 80 46 42 137 7 84 112 123 39
5 136 150 151 114 133 19 99 72 6 20 10 34 47 122 25 38 57 139 88 93 7 23 83 13 115 31 157 110 96 58 91 152 8 129 103 3 111 39 41 77 130 118 116 132 125 59 141 32 70 48 140 67 56 55 78 97 149 90 131 98 16 14 89 54 109 11 53 106 30 60 148 119 84 100 17 117 37 33 21 101 142 154 94 79 4 73 86 127 15 146 24 43 44 128 27 156 121 134 69 18 159 49 75 50 113 158 138 80 126 64 51 29 76 81 92 65 9 147 0 66 95 22 145 82 107 108 1 12 104 45 62 144 35 120 52 46 87 123 74 137 63 85 28 40 112 143 155 124 105 102 68 26 42 135 61 71 36 153 2
63 150 34 25 131 49 30 122 27 57 10 68 46 147 8 44 114 86 104 72 64 107 101 19 159 94 129 69 90 119 58 33 65 28 125 79 89 51 128 155 133 67 110 97 100 158 83 151 136 62 70 1 37 11 96 99 111 118 31 42 29 123 95 127 12 141 148 55 78 93 7 139 105 38 143 47 116 20 146 59 36 126 5 17 134 145 56 84 54 92 39 124 60 9 87 149 137 43 75 26 80 108 113 117 24 112 109 115 41 140 130 3 61 50 153 85 132 156 35 82 142 106 88 23 14 157 98 40 21 81 71 32 102 4 53 74 2 154 121 18 91 45 152 13 76 138 48 135 73 0 52 144 77 6 15 66 22 103 16 120
84 41 5 96 46 92 72 19 97 55 133 103 25 7 80 40 99 143 3 79 153 156 82 134 139 128 2 140 147 43 42 77 116 49 58 14 108 76 104 57 4 9 110 53 61 94 11 51 148 150 38 60 33 152 68 126 101 124 125 157 50 136 132 141 111 118 32 70 54 27 66 135 62 158 83 113 75 115 45 142 6 120 137 8 23 73 130 85 34 47 37 114 15 63 107 1 39 154 86 78 31 151 123 106 98 22 65 12 64 90 44 138 109 24 0 28 87 121 74 105 69 131 88 122 48 10 20 16 127 117 30 89 21 81 112 67 18 144 145 95 36 26 35 91 29 102 100 59 146 71 129 155 159 52 149 13 119 93 17 56
59 69 21 143 23 9 63 147 117 67 51 83 54 145 109 123 50 148 34 53 33 64 52 118 26 2 112 18 74 135 3 96 0 141 115 121 77 71 45 129 19 68 99 125 151 75 85 90 103 13 122 126 124 106 100 105 140 110 120 58 62 81 127 41 32 98 116 47 38 138 102 108 95 43 159 28 73 113 44 97 7 24 65 72 86 137 150 6 48 92 139 17 12 157 119 8 80 66 88 154 4 132 93 107 89 20 149 111 39 134 16 142 40 146 84 37 156 42 136 29 78 1 79 36 11 101 30 114 133 55 25 152 22 91 27 15 76 155 130 49 70 35 104 14 131 10 158 94 144 128 5 87 56 46 31 153 57 82 61 60
68 128 60 11 129 96 88 87 103 154 50 147 16 116 127 153 23 61 143 148 17 51 26 145 84 34 158 8 70 91 52 134 132 64 65 107 54 140 150 38 28 92 86 119 75 12 49 157 57 4 126 146 117 82 25 69 94 108 120 19 149 14 135 55 37 152 35 47 15 73 5 130 101 138 39 56 98 106 66 114 67 102 45 110 13 42 97 20 7 32 43 115 44 156 71 90 31 122 104 59 41 131 139 0 136 58 22 118 62 53 36 89 77 30 72 111 133 79 24 109 142 78 95 10 1 18 85 21 46 137 124 80 100 125 141 63 112 29 151 123 155 83 159 9 81 121 113 144 99 40 74 33 6 48 76 27 105 3 93 2
51 71 17 5 84 133 32 90 87 62 136 156 13 63 29 59 42 70 91 85 56 16 159 79 121 48 112 31 25 47 3 78 89 20 7 66 127 76 119 141 122 65 44 67 28 73 118 39 14 30 143 130 15 117 155 151 36 125 0 11 113 102 6 115 108 80 46 109 129 37 111 146 82 24 139 27 135 95 124 158 33 61 57 83 110 105 26 142 97 69 147 116 60 132 1 88 58 22 40 93 41 19 140 72 64 128 104 75 101 92 81 96 45 77 34 144 137 98 126 23 154 99 114 138 153 2 145 21 134 68 152 149 49 52 50 54 35 10 38 131 150 100 4 43 106 86 103 107 9 53 120 148 74 55 8 94 12 18 123 157
156 58 77 138 10 1 46 31 53 79 158 91 12 45 101 88 5 78 26 103 0 113 118 122 157 73 64 146 81 119 95 37 83 61 109 6 66 80 49 34 106 105 104 149 100 140 137 89 59 11 120 63 107 35 20 82 17 9 51 142 16 21 14 145 33 136 139 121 57 72 133 96 144 38 99 29 155 60 75 28 85 141 52 90 42 50 127 147 154 87 71 18 25 7 48 32 74 3 148 108 4 114 76 67 92 40 159 8 68 39 111 30 27 41 15 116 135 125 152 2 23 117 24 56 36 70 112 130 65 153 128 84 143 69 132 54 86 44 62 43 150 131 98 134 93 151 22 110 124 13 94 129 102 115 47 126 55 123 97 19
98 89 75 116 121 134 63 49 107 51 65 148 9 105 20 135 113 34 93 60 48 146 67 56 24 115 39 97 150 40 92 88 33 117 123 141 64 83 22 122 139 100 38 142 119 158 132 23 110 12 140 95 102 96 73 99 80 77 101 3 57 13 131 42 30 55 5 108 7 137 91 50 8 156 15 127 125 21 32 136 37 41 69 72 47 130 84 143 58 74 157 70 44 53 45 82 147 6 86 154 71 94 0 11 76 16 79 112 152 129 145 87 43 52 78 106 19 103 144 111 90 85 114 29 151 128 59 133 149 104 81 120 54 14 36 4 10 25 118 155 126 66 159 61 138 18 27 124 46 31 68 109 153 2 28 26 17 35 1 62
63 0 86 113 153 61 82 132 62 90 88 115 21 68 120 112 154 17 52 159 42 158 133 111 16 110 147 95 89 129 105 71 136 75 135 125 137 20 9 57 91 93 67 81 85 19 54 53 157 46 145 34 77 98 26 15 155 28 116 66 76 124 58 114 12 37 32 108 100 79 96 44 69 39 146 60 131 87 103 11 138 35 1 38 4 106 121 119 23 31 99 134 72 41 59 55 118 94 101 73 24 102 80 36 50 109 152 25 14 47 51 18 64 148 33 2 3 10 144 149 45 150 139 70 8 7 151 117 104 29 65 128 143 56 13 74 142 123 49 126 130 5 83 127 141 97 107 122 84 6 27 40 22 92 140 48 30 43 156 78
48 147 122 123 68 29 126 139 21 148 50 108 81 115 137 62 43 17 100 18 54 150 89 78 113 112 134 130 27 37 14 44 124 67 154 46 119 99 38 31 133 101 40 156 121 30 86 42 75 129 2 1 82 155 142 5 90 97 132 158 109 7 45 151 105 57 3 77 83 51 127 63 56 95 64 72 26 91 94 41 144 8 80 59 15 107 52 39 19 88 140 84 34 102 58 24 111 128 60 98 138 146 159 92 0 135 120 87 103 22 157 74 11 96 145 143 125 16 110 69 10 49 4 141 36 20 6 76 55 25 53 9 85 118 70 13 12 153 116 65 106 149 93 28 61 104 131 35 33 66 117 23 71 79 114 136 47 73 32 152
157 78 90 52 87 116 126 130 108 92 132 138 102 89 125 98 151 57 75 136 14 82 33 2 96 135 107 88 16 65 9 8 18 150 0 124 17 46 129 95 28 45 19 149 94 6 131 100 142 86 59 121 20 113 62 123 99 143 71 133 47 80 70 104 147 67 106 36 24 105 44 60 42 73 26 115 63 12 37 69 7 40 77 55 31 79 120 25 54 21 146 144 27 91 30 43 97 119 68 34 117 112 137 23 103 49 109 128 152 155 76 10 41 111 148 38 85 158 22 139 74 122 84 83 15 51 35 3 29 56 154 81 13 48 145 53 11 101 114 61 110 159 4 58 156 127 140 39 134 72 93 141 64 118 153 5 50 32 1 66
127 139 39 34 138 25 87 64 81 14 156 46 72 42 96 105 41 28 124 18 27 119 17 6 97 65 110 0 35 2 21 43 63 154 133 144 82 116 122 7 61 94 50 51 135 24 71 111 112 126 104 118 98 103 10 62 151 113 155 20 93 91 101 69 157 120 148 158 67 79 3 58 77 52 86 115 16 130 48 8 49 75 136 84 123 85 90 80 56 59 132 150 36 102 143 140 159 99 4 145 149 26 54 57 15 45 13 146 89 125 12 142 23 106 37 109 22 128 11 29 30 107 66 70 92 137 100 9 19 147 114 121 47 153 32 40 31 131 134 38 68 129 76 108 1 60 53 74 33 55 152 73 5 44 78 141 95 88 83 117
6 40 145 81 62 95 142 36 18 59 54 157 153 84 138 72 101 80 154 1 156 94 159 65 32 23 58 96 98 74 37 116 149 3 93 121 25 128 105 34 102 26 147 51 0 56 97 134 29 143 146 127 126 71 31 104 10 82 20 144 66 73 112 8 123 155 30 106 39 57 41 133 107 67 118 88 52 79 14 114 7 28 119 111 50 113 124 68 110 136 76 75 22 27 53 141 24 140 99 89 87 17 45 16 125 4 44 100 109 152 21 70 103 91 2 12 19 69 115 35 33 131 129 15 49 158 5 9 78 63 139 77 86 11 42 85 148 47 151 117 43 64 108 38 60 92 61 132 130 55 83 48 137 135 46 13 120 122 150 90
31 101 98 71 92 91 120 108 158 47 119 133 77 117 80 5 116 130 35 132 16 115 94 154 139 114 127 11 25 55 40 0 81 41 59 33 141 13 84 68 111 54 61 128 52 44 9 75 131 99 148 151 72 1 149 142 46 88 42 112 135 103 26 129 49 19 137 147 159 10 17 7 56 48 89 78 29 145 157 73 79 96 22 152 27 136 121 67 144 155 69 62 3 37 60 45 15 32 18 105 106 156 90 143 86 24 43 118 65 53 14 107 83 57 97 28 153 122 2 95 123 50 38 138 109 126 125 110 6 134 104 4 74 39 20 140 102 12 30 113 76 66 85 82 70 34 150 36 124 146 63 100 8 51 93 23 21 87 58 64
87 14 26 40 48 154 147 6 27 100 94 146 141 18 74 142 134 82 143 45 121 138 110 81 76 62 59 56 61 130 144 93 88 128 156 49 30 44 119 107 98 151 64 139 69 83 111 131 51 116 5 70 66 72 67 84 150 99 79 60 120 135 95 20 122 38 78 36 145 140 23 68 57 42 8 9 103 97 157 52 80 125 75 19 102 115 136 104 126 15 0 1 77 25 159 29 71 137 55 47 96 129 132 118 54 50 117 65 58 32 158 112 37 13 89 133 106 35 39 92 21 31 10 2 11 153 53 43 113 148 73 63 4 155 7 90 123 28 124 17 101 85 86 46 41 33 109 108 114 22 91 12 16 34 149 152 24 127 105 3
149 36 7 71 75 121 109 98 142 107 152 53 13 56 8 137 151 54 52 110 27 43 85 94 41 42 72 95 84 65 119 157 77 118 102 125 114 87 138 78 33 108 48 25 11 83 129 155 3 115 147 96 55 19 90 159 31 100 40 32 74 116 128 122 44 86 61 104 24 29 88 134 51 131 140 133 79 69 0 63 106 1 18 64 80 17 101 38 35 141 143 45 148 97 49 47 150 16 62 154 99 28 14 15 112 5 92 66 60 103 34 20 126 2 50 113 123 145 132 6 68 146 136 70 158 73 111 37 4 156 153 91 39 57 81 10 21 59 23 67 120 12 89 46 9 93 130 135 76 58 124 127 82 144 26 139 105 22 30 117
79 30 41 87 77 9 48 86 113 78 146 62 21 44 159 110 120 70 108 85 134 119 13 71 96 112 129 139 0 49 155 153 35 126 81 61 55 158 107 90 64 104 72 75 38 53 80 23 10 37 22 152 142 116 141 24 124 137 14 5 95 140 109 20 76 111 56 101 97 133 52 15 150 66 143 18 127 151 16 91 118 157 32 60 128 8 34 19 89 144 98 117 63 1 132 100 12 136 65 45 25 33 106 69 122 94 138 145 40 88 11 26 131 135 51 36 58 154 47 99 123 6 147 28 54 27 57 102 7 3 50 130 67 149 31 74 73 29 148 83 17 115 2 84 42 68 121 59 4 114 105 92 43 39 125 46 82 156 103 93
61 13 37 102 18 44 50 22 107 66 84 63 134 130 94 53 73 151 46 152 70 28 106 145 124 128 35 76 26 90 55 36 117 52 81 137 23 41 121 65 82 57 112 6 83 122 148 34 38 123 68 31 113 88 156 69 15 10 95 74 62 54 45 42 125 154 77 136 100 157 93 127 133 114 110 67 21 80 139 104 135 146 60 24 144 25 126 71 0 99 2 79 98 140 56 147 33 64 1 108 96 40 59 17 101 155 120 20 47 86 143 129 29 103 30 159 105 119 131 92 7 32 8 91 138 16 58 149 153 43 19 111 9 48 39 5 51 142 132 14 118 87 116 89 11 109 49 3 85 4 78 150 72 12 141 97 75 27 158 115
6 159 143 127 52 144 137 53 153 19 27 80 2 60 140 120 63 135 77 134 148 59 46 67 55 29 131 88 31 18 110 94 75 41 145 114 96 51 28 107 49 157 139 10 109 26 87 61 132 3 14 9 112 89 129 111 15 123 85 141 36 92 79 7 40 47 50 17 35 133 20 102 24 91 54 151 58 118 142 42 66 99 100 34 124 104 86 138 115 149 45 71 117 82 8 13 32 122 84 108 152 5 154 146 1 23 78 56 48 136 95 73 81 97 106 103 101 130 72 44 70 16 90 68 150 38 57 147 39 21 37 121 105 156 76 12 64 65 69 4 126 22 74 25 62 158 93 128 119 83 155 30 0 113 125 43 33 116 98 11
107 135 112 0 63 103 50 111 52 87 38 64 92 110 46 142 91 123 141 40 62 19 9 57 10 82 134 27 143 11 61 83 3 148 117 60 34 144 114 43 29 68 151 150 47 20 154 65 76 138 100 42 157 96 155 4 73 118 89 56 130 37 16 137 115 127 85 45 69 129 54 5 7 67 86 23 93 149 105 158 51 28 128 81 126 13 153 88 109 99 15 102 119 101 140 90 36 124 14 55 33 139 48 31 75 12 74 58 71 25 131 21 133 70 97 104 152 94 44 147 32 125 113 6 122 136 145 121 17 116 18 53 1 24 106 120 95 79 98 8 108 2 30 159 77 49 35 78 146 84 80 72 39 66 22 59 132 26 156 41
13 26 134 24 142 112 144 1 147 45 159 3 121 103 40 132 129 114 0 90 75 35 20 42 87 85 44 31 94 116 76 69 158 82 153 41 89 122 136 155 96 8 71 91 77 55 72 73 33 6 128 124 126 98 101 53 138 15 93 99 117 49 97 29 151 16 14 23 27 105 34 107 131 63 108 22 39 51 156 18 102 66 139 43 50 4 88 30 74 119 79 60 48 83 17 32 152 70 67 78 54 111 25 52 115 154 118 57 137 150 140 64 125 146 7 135 145 120 19 2 149 100 5 56 28 141 148 10 12 61 123 109 62 143 86 133 37 92 65 110 106 46 130 47 36 38 11 127 157 59 9 95 113 84 104 80 68 81 58 21
36 55 62 122 141 56 66 44 49 133 112 85 71 1 110 65 125 116 38 25 77 140 120 147 84 29 97 5 159 6 158 132 10 27 26 93 102 114 105 19 137 14 0 73 111 108 53 99 8 130 61 21 86 70 81 124 119 100 153 3 89 16 91 83 13 32 127 59 101 78 82 104 47 24 96 51 149 129 33 4 18 20 126 154 135 156 87 22 123 7 43 136 142 15 35 155 54 11 98 48 90 131 118 46 109 37 75 69 148 144 128 115 72 42 157 41 139 52 67 17 106 34 138 152 103 150 121 134 76 28 2 60 63 9 95 145 74 94 107 12 92 40 39 30 151 23 113 58 68 80 50 143 79 45 117 146 88 57 31 64
116 97 28 12 48 124 103 4 52 118 64 80 63 39 17 7 6 91 137 67 3 62 117 29 149 123 30 83 74 125 82 26 140 24 13 104 143 130 20 40 114 2 150 70 33 96 75 106 111 120 131 144 19 25 38 32 15 145 89 152 9 154 133 153 100 56 73 93 8 54 55 110 43 77 126 53 61 142 65 31 84 76 36 10 139 115 71 81 58 98 16 119 156 35 134 129 112 50 21 88 157 159 94 11 69 90 107 41 138 46 14 99 151 148 113 121 87 79 59 128 136 45 42 108 34 141 102 51 72 78 101 68 1 158 85 132 23 57 0 147 66 92 122 127 49 146 95 109 18 5 155 105 47 44 37 86 27 22 135 60
155 131 112 45 108 111 102 116 2 63 59 51 74 1 90 146 57 97 126 148 50 129 14 122 37 25 60 48 145 98 88 95 139 157 36 7 138 141 87 140 58 53 96 119 30 99 12 153 40 81 13 134 17 101 93 123 128 118 47 82 8 21 72 43 121 104 150 78 71 42 142 70 6 15 147 67 75 156 103 29 133 91 85 56 3 127 69 77 135 38 35 32 66 26 18 61 86 62 39 151 114 100 144 44 24 105 152 16 46 11 10 84 113 73 9 120 83 125 0 76 22 132 117 92 55 20 130 136 137 52 106 89 79 41 109 115 49 5 64 34 124 31 23 68 19 27 80 28 143 4 154 94 110 54 65 149 159 33 158 107
112 42 101 27 25 91 31 159 154 19 156 39 120 23 128 93 86 63 37 99 62 157 4 111 123 89 158 70 96 82 40 109 34 32 81 138 85 30 43 73 29 127 121 84 47 21 140 2 94 46 108 119 102 87 28 145 12 50 48 125 45 36 33 106 143 132 147 61 114 26 150 51 133 64 71 75 68 100 122 134 104 1 116 130 98 74 97 60 9 83 107 105 66 103 13 72 152 41 141 18 7 92 44 17 35 56 59 142 135 80 110 16 88 53 136 69 14 15 117 115 77 139 146 79 118 65 54 49 78 148 38 52 153 58 95 124 8 151 113 11 24 6 0 149 90 57 129 137 155 22 76 126 55 10 67 20 131 3 144 5
150 137 141 72 125 7 1 35 58 29 47 101 92 103 111 81 67 79 17 149 110 135 71 68 152 80 151 27 61 39 129 86 32 95 97 50 56 70 82 73 131 31 65 15 63 48 138 136 22 85 2 114 24 105 139 69 157 52 126 21 41 115 91 144 155 96 128 121 28 145 64 38 89 108 140 123 13 18 23 78 107 142 3 119 4 143 19 43 59 88 87 10 134 147 44 36 77 34 112 158 5 46 42 55 66 40 49 113 53 118 26 133 45 84 62 104 14 102 30 98 120 154 153 33 54 132 127 106 75 8 93 109 76 159 130 20 60 148 100 12 83 94 116 122 57 37 0 146 156 117 9 16 6 74 90 51 11 25 99 124
12 25 1 53 65 18 19 8 49 73 72 6 56 64 29 42 71 36 60 75 55 9 7 4 14 54 76 21 39 40 11 74 43 63 26 57 45 61 37 0 41 35 22 77 33 28 5 34 62 47 59 3 69 10 58 13 48 52 38 17 2 32 24 15 27 20 68 79 31 30 78 46 66 70 44 16 51 50 23 67
49 25 18 21 57 72 74 44 40 71 68 64 67 43 48 11 62 3 10 51 13 1 65 0 33 53 7 2 79 76 14 73 55 22 30 70 26 75 34 54 37 15 12 28 27 47 6 32 42 63 5 61 31 8 78 60 38 35 17 56 45 24 50 59 69 36 9 16 46 39 4 29 77 58 41 23 52 20 66 19
75 59 65 9 3 10 45 18 49 35 0 2 31 54 11 57 56 21 77 79 42 15 39 67 71 55 16 38 32 66 46 14 6 58 22 13 76 29 5 61 62 41 73 36 8 12 37 27 48 64 70 74 24 69 47 33 51 60 25 78 30 40 34 63 23 17 50 4 43 19 20 1 28 68 7 53 26 72 44 52
31 68 11 64 18 26 46 17 62 71 69 47 56 23 24 32 53 21 55 5 66 78 72 76 29 16 35 70 51 27 45 63 57 59 6 33 74 38 58 49 48 2 19 25 73 61 20 12 10 39 15 14 36 1 34 13 54 0 30 50 40 3 52 28 4 60 22 44 37 42 43 8 7 79 75 77 9 67 65 41
14 71 28 66 60 24 19 1 55 61 77 39 16 72 30 10 51 5 17 20 58 40 22 23 8 52 57 49 12 27 7 45 13 25 44 69 6 38 29 67 42 48 47 64 68 32 53 79 75 59 33 70 74 11 35 2 0 76 9 73 15 36 50 18 31 21 56 78 26 62 34 46 41 4 3 43 54 63 37 65
49 47 26 65 25 72 40 55 19 5 74 23 15 33 30 48 43 9 67 58 64 75 41 13 68 77 31 36 76 10 27 29 71 37 24 46 63 1 73 6 16 57 56 38 42 44 66 51 14 79 50 2 70 11 7 35 53 78 62 32 4 28 22 8 54 52 12 21 59 17 45 3 39 20 60 34 18 61 0 69
12 42 1 50 13 23 36 69 9 11 62 43 66 71 25 54 33 45 19 78 49 0 39 60 4 59 26 73 65 47 7 20 52 22 14 74 67 79 64 77 75 8 41 31 37 18 51 3 24 28 15 17 56 32 68 10 63 40 61 21 5 57 6 55 16 35 53 27 38 76 48 44 58 46 70 2 34 29 72 30
45 42 33 31 6 55 28 10 8 59 39 72 36 76 62 27 26 40 74 5 22 79 43 56 7 46 71 51 41 64 35 15 37 50 58 70 67 1 13 49 63 54 2 20 19 60 11 29 47 34 14 61 16 12 57 32 21 24 68 48 73 53 30 18 75 77 66 4 52 69 78 0 3 17 25 38 23 65 44 9
67 50 9 19 64 70 52 28 3 15 62 23 32 10 74 12 60 33 78 17 69 73 56 34 63 65 30 38 7 79 61 25 8 21 1 72 22 58 68 48 46 37 57 2 26 6 24 5 41 31 55 76 0 18 45 29 47 13 27 42 53 77 43 59 14 51 16 4 49 36 54 71 20 35 44 39 11 66 75 40
62 40 44 12 18 16 66 50 17 72 64 41 53 11 79 45 68 7 59 67 52 42 25 77 32 6 70 35 51 60 2 14 36 31 10 30 1 22 57 29 34 49 5 74 73 71 20 78 13 23 24 4 55 61 3 54 39 37 8 9 19 28 48 58 43 38 75 26 63 65 76 27 47 46 56 15 21 69 33 0
52 15 79 5 66 19 78 77 47 22 24 54 26 69 6 46 40 48 39 14 59 76 27 74 34 1 11 68 53 49 60 43 29 33 57 20 58 0 4 56 73 65 35 75 31 41 30 42 71 16 12 44 70 51 7 10 62 8 61 28 18 3 25 32 9 67 37 36 38 55 64 72 23 2 21 13 50 63 17 45
0 60 53 47 72 61 55 18 62 77 52 45 12 26 76 64 48 74 21 51 56 16 59 11 34 31 49 63 30 79 9 36 4 17 33 71 23 54 44 24 2 25 40 27 58 3 39 41 37 78 15 35 73 20 57 70 28 69 14 22 8 68 42 43 1 7 46 32 65 67 29 50 6 75 38 5 13 19 66 10
26 40 50 68 12 65 39 66 74 55 23 30 15 28 35 9 33 79 31 56 8 61 29 51 17 41 73 21 20 54 62 34 52 27 38 37 63 7 53 13 71 42 77 72 1 49 4 32 59 22 5 69 14 58 48 43 44 6 45 47 11 60 67 78 25 2 19 57 16 75 3 18 46 24 70 76 10 64 36 0
51 30 40 32 73 74 62 75 17 18 54 53 14 27 4 78 68 43 8 56 2 61 52 16 36 79 39 38 76 55 25 24 72 7 77 9 13 23 47 49 29 59 45 71 33 35 21 1 37 48 0 69 11 22 60 58 5 44 63 66 6 64 42 70 50 65 28 12 26 41 15 10 46 31 34 19 3 67 20 57
62 10 65 48 6 49 17 29 28 7 4 12 43 45 31 69 2 74 55 34 3 57 73 44 8 19 36 5 66 32 18 56 42 68 63 51 50 53 78 30 24 22 46 60 37 71 59 38 47 67 15 72 58 14 11 0 64 1 21 26 54 76 27 33 9 25 23 52 39 41 79 75 13 40 35 77 61 20 16 70
65 66 70 10 14 64 49 32 39 8 23 13 47 51 41 15 30 3 6 2 59 5 62 76 43 68 9 61 53 21 52 55 19 72 29 35 27 25 16 28 48 78 18 75 71 74 67 7 31 77 50 20 56 44 73 46 63 0 37 24 11 34 79 69 58 22 4 12 33 26 38 36 40 45 57 17 54 1 60 42
30 7 72 62 35 32 10 75 42 45 31 54 43 65 21 74 22 20 76 18 12 9 26 48 52 11 66 39 40 57 4 73 6 15 27 53 33 37 46 29 79 13 70 16 8 55 3 64 71 38 49 51 41 19 34 0 24 68 5 77 2 63 50 78 25 61 60 17 36 47 28 56 14 44 23 58 69 1 59 67
22 44 57 78 3 1 71 23 46 73 49 5 48 9 11 13 39 32 33 21 24 54 53 35 74 63 43 17 36 41 59 37 72 8 30 28 4 55 66 60 20 42 34 12 38 15 2 70 27 18 47 7 64 19 52 0 26 79 67 10 29 62 16 75 61 77 65 69 76 51 50 14 58 25 31 45 68 6 40 56
13 15 60 20 33 77 68 16 65 48 64 24 69 58 39 35 49 38 11 52 59 14 0 10 4 23 53 19 32 47 78 45 29 27 43 37 62 34 71 46 70 36 72 21 42 41 30 6 12 44 73 17 25 22 31 66 51 8 63 75 9 28 54 2 40 67 79 50 61 5 74 76 26 3 57 7 55 18 1 56
46 13 17 71 12 15 3 68 43 7 5 9 18 34 1 25 56 33 77 74 61 19 59 62 31 72 63 26 27 22 75 37 32 30 60 42 36 0 41 49 65 50 55 29 66 14 70 73 52 69 47 20 6 28 76 35 51 21 40 54 57 64 2 24 67 48 16 11 39 23 53 45 58 10 38 4 8 78 44 79
45 64 36 27 52 51 74 77 49 22 4 71 10 25 30 20 0 24 79 67 60 16 37 73 40 69 23 35 8 6 21 65 9 11 15 13 38 57 12 34 75 62 63 41 5 44 19 7 29 2 48 50 61 76 17 46 72 18 28 56 58 1 32 47 26 54 31 33 42 43 78 66 70 68 55 53 3 39 14 59
29 21 51 12 23 17 69 20 46 26 34 77 59 39 58 37 72 8 47 15 78 1 19 24 43 3 60 5 44 75 57 48 76 7 41 55 4 13 35 71 30 10 45 50 25 36 2 61 27 42 14 64 54 65 52 63 28 32 9 0 38 66 22 70 53 11 33 18 31 40 6 74 68 79 49 62 16 67 73 56
47 28 29 73 74 43 13 37 31 54 36 4 35 66 51 21 70 53 19 9 8 10 2 22 75 12 49 6 68 34 0 67 45 3 69 39 63 5 64 25 15 71 44 46 52 24 58 20 76 50 61 65 57 60 59 78 77 33 30 16 79 14 38 55 11 17 7 42 72 27 26 1 48 41 40 56 32 62 18 23
73 25 31 10 75 54 8 34 70 13 67 65 39 29 7 58 38 33 3 59 37 56 40 68 9 55 48 57 1 42 53 41 74 79 18 47 44 0 26 6 62 36 30 11 71 77 61 35 46 43 50 24 60 22 32 27 14 4 63 45 5 19 69 76 28 64 78 23 66 2 20 12 17 52 49 16 72 15 51 21
44 31 25 42 23 48 7 26 59 47 15 76 0 43 5 51 73 55 57 27 21 46 34 6 70 52 12 3 67 20 1 58 77 35 4 45 61 72 32 29 74 54 10 18 22 2 33 53 68 63 13 16 79 69 24 65 14 39 41 11 49 78 36 71 50 62 9 56 40 8 64 30 66 38 28 75 37 17 19 60
29 21 39 57 64 60 14 55 66 41 71 76 61 67 59 65 1 75 12 70 58 19 13 62 3 43 2 11 35 17 18 78 77 32 73 74 48 53 72 31 20 38 4 51 15 6 79 68 8 25 40 0 10 26 46 23 34 45 22 42 16 28 33 52 49 63 30 37 56 69 47 44 9 50 7 5 36 54 24 27
34 26 5 19 38 4 52 59 13 45 18 55 77 64 60 2 1 57 29 33 10 67 42 41 20 8 70 56 22 73 43 27 44 48 36 31 74 75 32 7 17 6 78 11 61 69 40 66 37 53 12 47 9 54 71 25 14 49 3 0 23 21 65 30 72 24 51 35 76 79 63 16 68 39 46 58 50 62 28 15
19 15 66 40 42 26 74 3 18 1 27 30 71 4 14 28 59 53 45 10 35 57 61 36 0 44 11 17 46 76 24 47 31 79 56 37 73 65 72 43 23 32 51 29 64 21 34 75 20 41 50 52 12 8 6 54 78 60 58 2 33 49 77 48 22 13 9 5 7 62 25 39 16 38 70 55 69 67 63 68
32 3 4 8 67 55 19 70 17 79 22 33 42 51 43 23 71 36 53 15 29 47 11 14 77 28 45 66 24 5 34 75 37 31 35 25 9 49 13 12 56 73 78 54 10 41 76 63 1 38 6 20 7 64 30 18 27 60 2 68 57 58 40 65 69 21 0 61 48 62 44 52 59 74 26 39 72 46 50 16
56 43 75 30 65 6 16 48 11 36 72 14 21 10 20 7 2 22 59 47 78 74 44 77 23 33 53 12 3 61 52 60 73 28 54 5 70 26 76 66 39 31 51 63 67 15 42 50 13 37 71 41 9 27 45 55 34 64 19 18 58 57 38 68 49 79 24 8 69 0 32 29 46 25 1 62 4 17 35 40
27 69 22 47 35 62 4 65 28 75 3 56 71 68 17 70 77 42 30 44 20 63 43 74 60 72 11 46 78 53 18 1 37 23 33 55 24 31 29 15 36 57 58 19 7 45 26 48 66 59 9 25 12 34 73 13 14 67 8 51 61 21 10 0 64 39 6 5 49 32 38 41 50 54 40 76 79 2 16 52
25 0 56 13 50 75 66 79 77 11 45 40 44 5 46 58 48 38 30 29 17 64 32 69 20 12 43 9 73 19 59 14 65 67 42 78 52 71 16 54 23 24 6 51 22 55 1 33 34 8 7 27 28 41 2 53 72 63 70 4 26 18 10 47 15 21 31 3 74 57 36 68 62 35 60 37 39 49 76 61
18 65 25 21 64 48 13 73 43 16 35 38 0 52 6 78 32 59 63 28 46 74 72 44 3 77 60 29 57 79 51 55 30 14 50 75 36 54 8 40 70 11 47 1 34 49 9 53 61 10 69 22 12 37 27 42 24 17 33 71 67 2 4 58 76 15 41 23 68 26 5 39 7 45 19 66 56 31 20 62
54 67 13 0 51 36 56 66 73 53 18 79 30 3 58 47 39 9 62 16 7 2 1 22 72 75 68 38 32 37 76 44 69 50 60 40 14 65 29 4 27 71 6 59 70 28 8 35 24 74 43 33 77 61 15 10 48 26 31 34 55 52 46 17 23 21 12 5 41 64 42 25 49 63 57 78 19 11 45 20
44 2 41 45 52 1 77 10 72 66 15 20 22 37 47 59 70 26 76 78 67 55 33 6 48 68 8 56 40 34 57 58 9 16 75 3 7 69 36 31 24 38 32 63 42 12 18 43 21 29 51 23 27 11 46 30 28 62 0 13 25 61 4 54 74 5 35 65 14 73 64 79 50 71 39 53 17 49 19 60
43 48 4 42 46 60 57 51 17 54 63 22 71 45 53 2 6 79 40 66 49 8 68 33 64 69 15 7 76 37 55 59 23 21 72 24 56 70 32 10 20 62 3 61 50 41 73 31 27 11 65 14 12 30 67 13 34 58 28 18 75 29 9 16 36 25 47 39 0 78 19 1 5 38 35 26 77 44 52 74
27 42 1 79 26 44 50 73 36 70 52 17 37 29 59 48 9 45 10 32 51 40 14 71 31 20 22 23 0 63 5 53 21 25 24 61 38 8 18 19 35 72 76 58 33 69 47 30 13 6 15 77 4 46 41 74 39 43 66 55 56 7 49 12 16 34 11 57 62 3 68 67 2 54 28 60 65 64 78 75
43 49 70 39 9 37 2 77 53 32 44 25 13 11 60 0 40 5 73 55 34 35 64 7 36 57 21 75 28 65 63 62 1 17 45 10 69 6 51 58 19 61 68 76 14 67 27 71 56 20 41 54 33 47 72 24 22 31 38 8 74 48 30 46 78 52 12 23 50 16 15 66 4 59 79 18 29 3 42 26
8 24 20 6 30 18 65 54 26 45 21 28 79 33 22 61 56 27 68 17 52 32 1 0 71 44 15 49 29 36 37 77 2 10 72 48 31 55 13 4 39 43 14 19 58 42 50 51 38 62 11 74 78 9 59 40 3 73 12 67 16 5 69 7 23 57 41 76 70 34 60 47 46 35 63 75 64 53 25 66
10 71 14 35 72 42 2 12 64 9 29 4 19 65 34 54 44 56 75 57 23 66 77 20 45 22 69 25 21 16 62 8 78 60 17 63 73 55 7 53 61 41 28 24 6 59 47 74 79 13 48 30 39 52 26 76 3 40 1 38 36 33 70 11 15 43 0 27 5 50 58 68 51 46 18 49 67 37 32 31
29 14 46 21 59 1 33 74 53 4 44 76 40 52 26 8 32 66 22 47 13 2 60 51 0 3 9 23 69 65 11 77 78 56 36 43 37 25 30 19 42 39 7 24 10 55 73 17 12 57 6 62 48 63 75 34 67 71 35 16 31 50 20 28 68 18 27 79 41 54 49 58 38 72 5 15 64 45 70 61
74 78 53 23 14 8 55 38 65 18 45 10 12 24 29 16 17 13 73 11 32 1 7 64 44 67 27 46 3 49 71 66 0 37 41 76 61 52 58 75 35 34 47 39 25 70 22 48 51 33 79 19 30 68 26 6 56 60 43 54 50 40 72 69 42 77 20 31 4 63 5 57 62 2 59 9 15 36 28 21
63 44 74 18 57 43 4 41 35 22 66 12 13 61 17 72 77 9 59 39 55 78 69 20 68 58 0 46 15 70 8 34 53 2 37 73 64 62 47 65 32 28 36 56 42 23 3 52 76 14 31 10 11 51 33 6 54 40 25 1 24 49 7 67 30 26 60 75 45 27 79 16 21 48 19 71 5 38 29 50
57 28 54 1 4 66 67 2 16 58 14 10 33 9 38 76 18 25 71 8 41 47 75 64 53 39 6 30 15 19 49 29 77 70 46 22 48 59 34 63 36 50 52 55 0 62 27 13 20 78 44 68 5 56 73 61 79 45 17 35 37 11 12 51 24 3 69 43 7 40 32 74 31 60 26 21 42 72 65 23
44 38 47 70 20 63 74 32 45 49 3 1 4 11 34 41 65 46 58 13 68 2 57 27 69 15 42 35 59 40 71 79 52 48 36 78 17 51 61 72 22 8 16 31 28 29 0 14 73 24 26 12 56 50 9 25 6 62 5 33 10 21 54 7 23 30 18 55 37 77 66 39 19 53 64 75 43 76 67 60
73 24 0 56 65 51 20 64 59 47 43 74 11 35 79 50 18 62 66 49 19 9 14 52 58 3 10 60 40 44 42 76 46 68 78 8 48 29 33 22 61 75 37 1 69 12 39 32 55 72 31 28 7 25 77 27 45 6 2 13 17 53 34 54 67 70 30 71 26 57 16 5 15 38 4 41 23 63 36 21
29 8 34 25 11 3 12 73 41 48 58 62 45 63 42 67 38 1 16 54 59 51 30 78 50 18 69 56 9 37 46 4 44 60 52 6 7 13 20 66 39 75 2 70 79 64 33 57 76 24 68 23 55 10 40 32 77 21 15 0 22 31 27 14 43 61 72 71 36 49 19 74 35 5 47 65 53 26 28 17
53 14 30 37 11 15 39 9 59 6 33 54 17 5 21 68 46 64 34 19 35 7 36 20 40 12 79 52 51 3 65 47 0 1 60 74 45 72 27 31 66 56 49 50 43 22 70 10 16 63 77 62 23 4 29 32 24 41 75 67 2 8 78 76 73 71 69 42 57 61 18 55 44 25 58 28 38 26 48 13
34 28 66 50 67 64 19 63 60 32 35 9 68 48 44 4 22 49 24 57 11 31 71 72 51 78 21 30 12 18 5 69 37 33 2 29 3 39 73 79 56 20 26 6 46 16 41 59 76 52 53 25 0 45 13 61 54 14 65 8 10 43 55 77 27 40 23 7 75 70 17 15 36 58 74 1 42 38 62 47
12 44 65 64 31 10 59 29 34 75 32 25 71 17 48 6 11 40 30 66 19 27 14 3 61 9 51 35 43 0 73 26 7 57 16 37 38 77 39 21 41 22 42 52 8 69 67 4 62 63 56 74 78 58 15 13 1 54 5 23 50 2 49 79 24 72 68 76 46 18 60 47 53 36 33 70 45 20 55 28
16 71 20 66 22 61 39 27 54 4 32 30 5 11 45 75 76 15 12 67 19 36 43 59 44 55 25 77 42 1 0 52 74 33 50 10 63 8 34 73 21 49 41 47 14 6 29 40 17 31 37 2 28 53 51 35 69 64 24 46 9 65 18 3 13 60 38 68 57 56 72 23 48 26 70 58 79 78 7 62
5 47 46 73 60 28 79 55 52 16 18 20 72 37 12 70 64 56 53 15 50 21 63 3 4 69 49 34 36 11 0 22 29 62 41 25 38 44 48 45 51 77 7 19 78 66 14 40 10 71 61 31 67 42 17 23 57 75 54 58 39 2 8 35 65 33 76 13 27 9 1 6 32 24 68 30 26 59 74 43
55 64 53 15 14 10 48 11 6 31 19 33 75 36 77 0 37 9 66 42 47 28 73 39 24 22 8 54 34 46 12 68 52 26 69 50 56 1 76 62 45 60 70 21 79 35 58 32 38 5 2 29 57 20 4 59 16 72 49 18 71 23 30 43 41 3 74 78 40 65 13 25 61 51 63 7 27 67 44 17
4 63 3 55 14 37 7 76 46 39 32 23 41 10 0 71 8 54 29 40 21 59 69 38 20 77 64 79 26 36 9 74 51 2 42 5 13 31 18 44 48 50 15 19 60 78 35 47 62 70 34 16 22 75 33 52 25 72 30 73 61 49 56 66 17 28 11 53 65 68 27 58 57 6 12 67 45 1 43 24
43 9 27 57 12 73 60 1 11 5 7 47 44 62 34 39 61 24 14 71 15 0 35 52 18 69 72 79 66 53 21 46 74 3 22 54 25 56 49 67 59 17 68 26 10 36 76 38 6 75 29 64 58 19 50 77 31 20 8 41 13 28 42 63 2 4 16 23 78 37 30 40 65 70 48 45 51 32 55 33
27 73 18 67 22 74 56 43 11 47 0 7 62 72 78 58 60 57 63 59 44 1 28 64 51 10 49 55 54 26 37 24 33 70 52 2 48 53 23 21 77 5 50 8 35 32 25 40 13 39 29 9 30 17 15 34 41 76 6 65 71 42 61 75 66 19 12 68 3 31 46 79 16 69 20 36 4 14 38 45
49 24 35 66 12 7 65 45 0 18 14 56 13 43 60 10 30 40 5 67 63 33 50 75 32 8 41 22 4 26 68 47 20 78 11 52 23 36 21 9 2 15 46 19 61 51 58 71 74 79 6 27 42 39 1 70 25 37 28 59 77 76 62 16 34 17 55 53 72 38 69 57 31 29 64 3 48 54 44 73
63 35 72 25 71 55 8 46 78 61 5 43 11 73 57 37 49 76 3 64 69 13 14 53 2 15 0 79 59 56 45 62 24 30 28 50 58 17 29 34 77 27 67 20 60 32 39 21 33 23 52 12 44 31 9 22 7 18 6 66 10 75 51 70 68 54 48 40 42 47 19 41 4 65 36 26 16 38 1 74
24 37 73 14 71 17 7 2 78 30 43 0 16 28 76 20 46 12 22 10 70 40 54 50 41 65 62 63 68 72 67 11 39 18 47 26 45 51 64 1 34 9 49 3 4 38 13 6 15 55 35 32 21 79 61 57 29 27 31 19 66 25 48 44 42 69 36 77 74 53 59 75 8 60 56 23 52 58 5 33
21 2 20 7 10 36 19 77 24 31 35 25 28 4 74 73 48 52 72 46 29 41 49 50 32 75 0 63 33 13 15 66 56 78 42 3 65 9 68 26 43 17 61 23 76 54 62 12 60 6 69 34 40 70 1 18 71 79 57 27 30 11 51 39 53 45 67 8 37 64 47 38 22 5 44 55 59 16 58 14
0 22 8 38 64 1 37 56 12 13 9 50 36 27 23 62 11 28 7 4 18 77 57 51 46 16 68 44 53 67 63 70 33 3 31 40 71 34 19 43 10 2 66 72 61 15 5 74 76 45 32 49 21 24 41 6 35 73 48 65 75 54 59 17 52 30 69 55 79 25 78 42 26 47 29 20 14 60 58 39
76 74 24 3 6 4 29 62 34 78 10 15 28 42 46 36 25 2 0 52 71 60 17 56 68 11 61 75 77 43 35 57 59 32 13 33 70 41 9 53 67 16 65 79 20 7 5 73 22 14 47 64 18 45 21 37 69 55 66 30 26 63 12 38 8 40 50 1 31 19 44 58 48 23 72 54 39 27 51 49
13 63 20 1 48 70 42 0 21 58 30 38 67 52 29 34 64 61 59 10 66 17 69 28 9 41 18 35 37 11 75 50 65 46 68 32 23 5 62 33 27 76 78 71 55 4 45 79 74 36 51 53 49 77 12 19 25 3 8 14 43 54 15 57 60 6 26 31 40 16 72 22 24 39 73 56 7 47 2 44
40 42 79 22 53 2 64 57 0 50 48 55 25 15 37 46 69 54 73 44 71 9 23 8 16 26 39 33 19 4 10 18 27 72 74 61 32 38 47 76 60 70 75 41 45 67 20 17 11 65 14 3 77 43 56 58 51 7 68 21 28 30 13 63 5 12 24 66 49 29 62 31 6 35 36 59 34 1 52 78
35 23 76 29 73 37 1 45 18 2 0 67 78 59 69 9 79 42 12 31 16 40 60 65 46 52 51 21 48 34 8 64 72 39 54 17 32 3 19 58 33 24 15 56 77 71 57 7 68 62 47 75 41 44 11 14 25 70 10 63 4 27 13 74 55 26 50 43 38 66 61 53 36 22 6 30 49 28 20 5
9 71 34 12 8 69 60 42 59 44 78 17 74 39 43 57 4 13 72 49 51 54 14 23 20 31 63 64 50 67 5 16 35 62 46 33 66 0 70 21 73 61 65 58 38 48 29 27 52 1 2 68 41 19 56 3 26 75 11 76 28 36 25 30 40 22 10 7 15 47 6 77 53 37 79 45 32 55 18 24
14 59 70 28 55 75 63 19 56 53 46 11 65 73 16 52 24 77 35 18 6 36 67 0 42 45 34 58 60 68 25 9 71 12 64 47 13 33 48 21 32 43 72 50 7 3 38 62 1 76 49 61 69 22 74 15 26 40 20 23 37 27 30 79 2 4 17 8 54 51 29 44 57 31 10 78 39 66 5 41
51 0 24 54 27 46 17 14 36 5 59 33 57 32 3 4 60 23 45 70 73 47 9 38 61 76 55 65 63 12 7 48 77 64 30 67 75 22 66 37 42 28 25 19 53 44 68 6 41 20 50 40 52 49 11 35 58 18 56 2 13 8 71 78 43 69 21 15 72 39 1 29 74 79 26 10 16 31 62 34
59 45 63 33 78 69 50 54 29 40 43 64 72 32 35 14 68 11 55 7 71 58 28 26 65 16 19 23 77 2 53 48 56 37 12 30 9 79 44 49 57 6 75 38 13 39 41 31 66 0 1 15 60 8 47 46 4 20 76 21 36 22 18 24 67 10 3 62 70 61 25 74 42 34 73 17 51 52 27 5
5 3 20 44 26 64 76 68 78 53 72 54 36 63 49 79 33 51 40 6 24 38 18 47 71 65 0 41 46 69 37 28 2 50 23 57 1 12 77 32 29 27 58 52 66 55 21 45 60 74 17 75 62 4 56 8 9 11 35 70 39 15 25 67 31 16 19 13 73 42 34 59 43 22 10 7 48 14 30 61
61 22 42 2 15 60 34 6 44 59 75 76 39 23 28 79 53 62 49 43 8 3 69 51 11 50 7 41 5 31 24 36 18 33 74 40 78 21 17 47 52 4 30 14 56 72 67 54 55 16 73 35 32 27 64 25 10 38 77 68 48 45 57 70 26 1 13 9 0 71 29 58 66 46 20 37 19 63 12 65
3 10 44 52 21 46 74 6 43 69 5 12 71 48 0 7 40 67 14 8 47 59 4 37 58 75 24 62 57 36 23 30 15 19 76 65 61 20 13 27 18 11 64 70 17 72 78 33 60 31 79 32 2 55 26 51 9 1 16 29 73 45 28 63 22 39 77 50 56 42 49 38 25 34 68 41 35 54 53 66
32 15 8 45 70 22 17 4 0 74 42 78 7 51 66 48 1 56 59 18 25 69 16 13 38 75 26 63 52 50 33 47 28 3 23 64 9 27 37 60 46 39 36 77 12 54 72 29 6 19 55 62 61 68 14 21 11 43 5 30 71 35 31 10 44 49 65 79 41 76 57 53 34 2 24 73 58 20 67 40
58 42 17 56 74 59 22 70 60 46 25 75 2 72 28 43 37 10 27 21 48 57 33 44 78 69 71 11 64 34 14 13 67 19 55 7 76 77 79 5 9 68 50 0 35 3 49 15 4 18 24 63 53 62 73 39 38 52 30 47 29 16 65 66 41 40 51 26 20 8 1 31 54 61 36 45 6 12 32 23
61 35 30 43 23 2 60 14 48 74 25 72 11 70 46 79 53 16 7 32 24 56 33 78 57 44 50 54 40 41 45 3 71 21 76 73 49 26 31 37 52 6 12 15 75 1 34 42 36 68 55 62 20 59 77 64 10 13 19 47 69 65 28 4 67 39 27 5 38 9 51 29 22 8 17 66 58 63 18 0
49 31 32 30 21 60 76 50 19 65 72 15 17 40 20 75 12 70 46 33 56 25 7 11 26 34 52 41 37 28 10 57 22 58 69 29 36 78 24 23 4 79 55 59 63 71 8 51 77 0 5 68 47 42 61 14 54 27 18 73 13 44 67 39 2 53 3 66 64 74 38 35 62 48 1 45 9 16 43 6
30 67 36 57 45 28 68 44 38 11 33 58 6 72 71 65 20 13 50 60 61 78 15 14 70 26 69 53 17 41 54 12 27 40 47 31 1 23 37 75 48 3 52 49 63 24 8 39 35 56 25 32 18 42 9 59 7 79 46 0 64 10 4 21 29 43 73 74 66 34 2 51 16 19 62 55 22 76 77 5
38 74 7 54 48 23 61 15 67 43 12 45 6 27 53 77 2 68 5 41 42 50 17 75 35 65 0 30 16 55 28 58 70 78 4 79 76 60 21 32 29 37 63 20 31 19 39 69 34 47 11 26 66 25 10 3 52 9 64 8 59 73 33 57 49 51 1 44 24 14 36 56 40 13 22 46 72 71 62 18
26 46 68 76 11 69 8 24 64 45 21 67 77 32 70 51 0 60 72 22 3 33 75 34 55 48 13 65 28 58 6 38 43 53 66 52 47 78 50 35 16 19 74 57 17 12 10 37 39 71 30 49 63 9 2 1 15 56 62 44 23 40 27 18 73 5 41 20 31 79 14 29 4 59 42 7 54 36 25 61
40 39 11 29 56 78 20 27 18 51 62 5 59 10 45 43 32 34 17 48 21 31 22 14 47 1 64 70 9 25 0 33 52 53 23 4 65 46 8 28 72 3 7 68 60 63 73 58 42 35 75 77 54 55 38 12 37 57 67 44 30 16 6 50 49 24 41 79 26 76 69 66 74 13 61 15 19 36 71 2
62 23 4 28 24 71 79 10 7 8 60 78 54 53 13 55 9 6 39 75 77 56 33 18 29 0 51 37 15 32 73 1 17 38 57 48 40 47 11 35 70 68 50 14 43 49 42 21 2 22 16 45 58 61 46 63 34 30 72 52 12 19 26 44 27 66 76 3 41 5 59 36 65 67 74 69 31 20 25 64
34 15 20 47 73 48 16 79 14 8 27 7 52 62 77 42 56 59 10 32 33 64 18 55 24 46 51 37 66 40 76 22 44 36 60 49 35 57 6 71 1 30 9 61 5 74 31 54 43 12 2 78 58 13 50 41 17 65 75 38 67 63 70 68 25 4 72 19 11 3 29 39 21 0 28 53 23 45 26 69
42 3 41 52 35 8 54 62 13 74 16 24 67 28 21 20 30 15 0 71 14 27 60 19 47 61 26 39 23 45 72 33 77 32 2 43 78 70 59 63 68 75 36 44 1 31 11 53 66 9 69 76 56 57 65 29 40 48 34 64 38 17 50 79 4 37 73 55 12 5 51 46 25 49 22 7 6 58 18 10
11 8 0 7 19 45 44 55 79 23 77 17 31 67 66 22 15 28 12 72 59 2 70 5 64 71 3 47 39 78 54 75 25 40 65 10 58 53 24 37 42 27 43 13 21 69 73 48 32 6 68 62 61 26 41 60 16 18 30 34 74 29 56 4 46 1 9 14 20 52 63 38 33 35 51 49 36 76 57 50
69 67 25 18 61 36 55 60 47 62 2 22 42 48 31 38 20 17 26 56 35 33 7 30 75 28 45 51 19 65 43 32 24 1 78 14 37 50 49 5 13 34 15 76 23 74 41 53 10 54 0 57 46 44 77 79 21 9 71 8 52 27 11 3 39 70 68 58 73 6 29 72 59 40 63 12 16 4 66 64
1 16 0 4 46 30 64 7 73 50 12 51 66 41 47 65 39 19 20 76 10 59 23 24 67 33 58 5 28 17 37 6 77 49 55 9 26 43 35 54 62 8 53 70 79 29 68 78 34 75 15 45 11 2 56 14 63 74 13 3 21 36 38 57 32 27 61 25 52 71 60 22 69 72 42 18 48 44 31 40
22 53 41 28 27 6 63 25 4 1 8 23 57 21 13 69 15 12 16 14 46 70 35 18 72 44 73 40 65 36 52 11 49 61 45 2 19 76 68 50 39 56 51 59 62 55 9 79 38 71 78 42 34 29 67 60 3 66 54 5 0 31 47 32 33 7 26 64 37 24 75 74 48 77 43 10 20 58 17 30
35 33 24 43 32 51 22 47 16 58 63 74 55 66 17 1 19 28 75 45 71 8 50 68 77 64 37 59 40 11 30 10 3 4 31 29 26 39 14 7 69 5 34 27 72 12 0 46 25 21 65 44 79 56 6 73 36 49 15 78 2 61 41 76 48 13 23 62 67 54 53 9 57 20 52 18 70 60 42 38
49 41 54 2 67 59 70 35 17 6 44 12 11 0 36 37 69 10 45 32 26 65 47 38 34 68 42 56 60 74 8 14 24 52 9 76 63 16 5 61 31 57 46 18 66 75 71 53 40 4 39 22 51 27 50 79 72 64 7 3 78 25 55 1 19 43 73 13 15 28 21 77 20 33 29 58 48 23 30 62
44 24 22 40 30 4 0 17 33 77 37 69 7 70 61 13 79 11 10 64 52 16 28 42 38 54 18 34 49 6 73 41 27 31 47 78 45 56 65 43 60 75 1 63 50 71 9 51 8 15 29 36 67 19 62 14 5 66 46 53 25 76 59 3 48 26 21 74 55 23 58 72 68 57 32 12 2 20 39 35
44 55 17 9 51 56 72 22 59 11 26 15 7 62 33 12 54 73 29 31 53 27 20 58 24 41 46 42 61 75 28 39 47 3 16 10 70 19 18 74 2 23 34 8 48 40 79 32 50 64 37 57 30 69 71 65 76 63 14 77 5 60 1 67 68 49 38 78 21 25 66 35 6 52 13 45 0 4 36 43
24 3 51 44 1 71 20 30 50 56 33 6 23 45 41 27 49 14 42 54 74 2 43 26 73 19 68 0 67 18 28 17 32 21 59 9 53 57 36 7 40 38 39 72 63 77 11 52 15 37 31 8 12 69 70 16 22 48 65 76 61 29 10 5 60 66 46 4 64 78 55 34 13 79 75 35 47 62 25 58
20 40 23 71 8 79 59 36 34 41 57 16 11 76 13 38 72 74 78 22 67 53 65 51 52 17 32 0 15 6 70 31 56 21 27 60 33 47 48 19 2 64 45 42 66 1 58 68 55 62 28 18 44 14 77 12 7 26 30 43 54 29 73 61 49 35 75 37 24 50 10 69 46 3 4 9 63 5 39 25
33 1 73 74 3 24 28 77 22 59 19 29 51 60 69 68 39 40 36 54 26 42 48 41 30 25 18 6 44 8 76 4 63 10 72 57 65 46 70 66 62 53 75 5 64 55 38 78 35 14 2 43 13 67 37 79 9 58 45 21 16 11 61 15 47 0 32 71 20 31 27 17 7 52 23 34 50 56 12 49
34 1 58 71 59 7 12 52 44 55 61 23 8 46 35 62 27 54 14 0 19 6 24 5 79 30 36 33 75 38 29 31 22 15 42 3 39 77 70 17 63 60 21 56 43 40 37 50 10 74 78 73 49 51 26 57 18 65 64 25 53 72 45 41 32 20 66 47 76 4 67 16 69 28 13 68 9 2 48 11
16 50 23 67 57 75 39 69 13 60 21 62 42 22 30 76 11 27 25 3 70 24 12 51 40 56 65 20 58 64 33 18 29 15 5 45 72 14 73 28 7 41 54 37 4 63 38 79 52 44 74 9 10 36 48 19 47 17 26 31 2 59 0 8 61 77 32 68 49 46 71 34 55 53 1 78 35 6 66 43
47 59 24 44 51 52 1 42 4 50 9 74 58 23 79 19 27 75 8 40 66 65 53 22 72 15 39 14 28 0 16 62 56 78 2 77 63 41 3 48 61 55 26 45 64 17 73 37 54 76 43 35 5 36 6 34 33 10 57 31 25 29 68 30 71 7 12 11 67 70 46 21 60 20 69 13 18 38 32 49
40 64 51 3 6 27 65 34 62 75 54 2 9 57 20 66 63 12 52 46 25 36 28 61 26 42 72 53 17 18 50 38 68 78 11 4 22 19 35 71 29 39 23 7 45 77 60 55 43 41 30 79 76 31 37 67 21 5 0 8 13 32 73 74 49 69 48 24 16 14 44 59 47 58 1 56 33 70 10 15
77 75 18 24 35 27 73 42 41 8 79 47 34 44 25 22 68 1 60 63 71 62 30 7 23 33 5 39 51 0 10 66 3 31 16 40 32 26 59 70 29 15 43 61 17 12 58 69 45 38 76 78 6 4 14 50 20 65 49 36 46 19 64 57 48 21 2 11 53 13 72 55 74 54 37 52 67 28 9 56
10 51 55 34 52 74 0 60 33 75 54 9 53 70 56 26 39 36 21 15 57 2 24 62 50 66 17 7 4 11 69 45 20 30 73 6 8 48 32 19 63 28 35 31 77 58 5 14 59 79 46 1 38 41 43 42 65 72 12 25 64 61 23 47 76 29 49 18 44 37 27 78 22 67 71 3 16 40 13 68
57 19 71 41 36 38 64 33 58 46 53 25 2 23 61 24 49 37 76 10 55 6 32 50 5 12 22 78 39 15 66 43 52 63 18 4 26 44 30 13 70 79 27 77 34 62 54 11 68 8 60 9 3 28 42 75 45 72 35 40 14 16 69 74 21 48 65 67 7 51 1 20 47 73 56 29 31 0 59 17
6 61 68 14 77 10 59 43 18 50 21 56 7 79 30 52 32 12 27 55 19 58 25 60 41 3 39 71 46 45 34 53 65 13 74 78 15 5 69 9 22 4 38 8 72 20 11 24 42 29 2 64 66 1 75 44 54 0 48 73 31 76 37 23 49 62 51 36 35 57 33 63 47 40 26 28 16 70 67 17
18 45 13 48 63 20 65 47 51 17 34 6 1 41 10 25 9 60 28 21 57 58 74 2 62 66 52 26 56 29 54 12 5 71 19 67 40 64 35 11 43 23 0 53 16 15 31 50 76 42 77 49 38 32 55 79 7 46 36 3 24 59 14 27 72 22 39 68 37 33 69 8 61 78 75 73 30 70 4 44
4 69 26 11 29 48 68 14 12 73 78 5 19 8 60 16 63 67 30 62 57 42 72 56 65 76 28 10 75 7 22 47 79 24 59 37 50 49 53 66 3 64 46 20 43 0 38 36 21 34 17 44 39 9 74 6 25 52 40 77 31 35 15 45 27 71 58 23 1 32 13 2 70 51 41 33 61 55 18 54
66 31 61 72 50 71 34 2 32 58 45 52 3 64 37 63 10 42 36 25 55 28 40 68 57 77 44 12 22 30 69 53 5 51 26 17 20 70 8 16 62 49 75 4 65 33 54 18 19 29 7 60 46 13 48 23 11 59 39 14 56 27 1 24 43 78 9 76 73 79 47 38 74 35 6 41 15 67 21 0
53 70 8 7 32 14 65 57 79 74 6 76 1 43 62 40 21 16 17 25 60 19 66 13 45 69 63 11 41 35 64 67 51 3 50 47 4 9 55 44 18 58 2 28 27 52 77 59 46 61 12 49 33 56 42 39 36 22 37 15 38 5 68 23 34 20 73 29 10 30 31 71 54 72 48 75 0 78 26 24
9 57 69 75 71 20 48 28 13 51 62 74 0 79 41 43 6 32 67 11 25 55 47 23 33 35 66 49 4 42 22 61 58 27 3 2 73 38 18 78 65 68 34 37 26 29 30 56 77 7 8 76 10 52 70 53 46 5 1 21 31 60 14 16 36 19 12 15 40 44 39 59 54 72 17 45 24 50 63 64
36 56 72 58 43 68 4 44 3 69 40 1 8 20 49 73 71 6 25 67 22 26 64 54 74 42 65 31 2 38 30 18 48 47 12 23 27 70 59 55 29 39 75 7 63 45 35 60 17 52 66 15 76 37 41 14 0 21 13 16 19 32 28 24 34 11 61 5 62 57 50 51 77 78 33 9 46 10 79 53
71 28 23 76 72 52 14 19 78 2 79 51 49 61 16 6 69 11 45 47 57 5 9 48 50 73 21 37 33 15 68 59 38 74 3 39 17 55 10 58 12 56 20 13 44 34 42 36 31 18 35 24 67 0 70 1 43 4 26 60 32 66 7 54 41 65 46 8 64 40 62 63 77 25 22 29 75 53 27 30
51 74 65 22 67 60 1 20 55 53 57 54 79 50 71 63 70 49 44 2 66 9 45 0 56 62 14 76 4 10 18 64 46 69 30 19 12 35 7 32 42 26 77 37 11 78 28 8 47 36 17 52 24 31 41 16 6 59 43 25 15 72 3 48 61 34 39 75 73 40 68 33 27 21 58 38 29 23 13 5
23 50 70 9 37 61 12 76 21 26 35 36 49 42 24 8 5 16 30 29 31 46 58 33 6 56 71 17 43 15 32 59 3 40 54 41 45 39 72 27 65 48 62 52 78 57 7 73 2 66 51 63 69 1 4 25 13 0 10 34 79 75 74 64 77 28 19 47 68 20 11 18 14 44 22 60 53 55 38 67
73 26 22 35 16 54 39 5 44 62 14 33 49 12 20 71 9 63 31 38 19 13 72 76 46 23 75 65 64 78 24 8 68 32 66 70 50 42 79 4 60 61 55 77 37 18 15 1 11 45 59 56 57 53 21 40 17 67 7 2 43 27 36 6 69 25 29 3 51 41 47 0 74 58 10 48 28 34 30 52
64 11 78 75 37 5 9 31 6 53 24 51 65 74 54 72 57 14 39 28 12 49 27 1 56 45 77 61 38 76 23 41 36 35 32 60 34 17 69 66 13 40 4 62 44 3 59 21 0 10 29 8 55 73 2 22 7 48 20 18 46 70 67 15 47 68 71 79 52 16 63 25 19 33 43 50 42 30 26 58
4 45 37 55 11 41 32 47 1 62 42 10 75 6 36 71 66 79 50 30 5 12 74 8 60 13 57 73 51 15 54 29 61 77 0 46 14 33 58 53 63 56 65 25 48 68 78 28 3 17 44 7 21 40 27 26 49 24 19 31 16 64 76 59 72 39 67 20 23 35 69 70 9 43 2 34 52 22 38 18
47 26 61 6 62 21 43 48 70 23 13 75 27 71 16 69 76 20 58 57 22 52 2 17 79 28 33 15 3 63 49 29 10 74 65 44 50 68 72 31 46 45 8 64 19 7 0 14 73 51 11 18 56 38 32 39 55 9 53 54 41 4 59 35 77 12 5 67 30 25 60 42 78 40 37 24 36 1 34 66
3 30 13 62 52 45 43 64 58 73 49 16 15 77 12 37 1 19 20 23 76 63 10 26 34 69 61 9 5 68 36 72 42 59 71 21 22 2 53 60 24 56 70 8 78 7 18 28 25 65 35 41 75 48 0 46 57 6 40 51 31 44 29 14 54 38 67 47 79 39 32 4 50 17 27 33 11 66 55 74
62 4 10 1 5 33 43 14 74 19 52 12 70 39 61 79 71 63 21 77 54 9 22 3 57 11 67 72 18 55 76 17 47 41 35 78 34 69 8 27 2 46 38 25 75 32 29 68 53 58 26 13 59 45 56 37 24 42 20 49 44 73 6 60 23 64 30 65 36 66 7 50 51 31 40 16 0 48 28 15
65 26 74 27 37 30 54 76 77 20 69 55 2 63 44 61 60 78 14 18 58 25 36 17 53 79 7 67 34 66 52 6 72 41 10 59 9 23 75 33 11 0 5 71 43 68 12 64 50 4 73 62 46 24 22 51 57 8 35 21 1 19 15 39 56 38 31 32 42 28 13 40 29 3 70 47 49 48 16 45
58 46 66 40 10 60 64 27 75 54 72 35 2 26 37 17 29 3 55 67 23 8 22 33 43 20 56 49 70 11 71 12 38 57 14 68 41 28 0 63 62 42 73 47 15 45 79 7 36 13 76 6 4 34 65 53 51 52 59 31 32 44 1 30 61 77 5 25 19 74 9 16 24 18 21 48 69 50 39 78
24 48 21 12 31 26 29 42 13 70 59 40 1 73 49 78 71 63 18 64 61 47 30 79 4 43 14 6 51 44 53 5 32 56 65 74 76 41 77 16 69 39 3 35 0 15 25 50 17 62 36 68 55 37 19 33 23 60 34 7 45 20 58 11 46 52 27 66 75 28 38 9 67 22 57 54 72 8 2 10
59 61 1 42 29 13 12 28 66 23 33 25 63 8 78 58 72 0 11 53 27 57 7 30 21 34 76 62 64 41 65 68 26 35 51 38 52 69 18 24 77 17 49 67 20 14 56 79 45 37 19 44 6 48 54 16 46 43 9 3 39 31 40 36 71 47 2 70 55 15 60 74 4 73 5 22 32 75 50 10
18 63 74 68 29 7 64 51 15 40 69 65 58 4 47 76 24 9 61 30 38 21 33 41 26 19 0 72 27 2 23 49 59 6 17 28 43 54 75 13 14 73 37 44 62 48 46 35 32 67 3 70 22 66 11 31 50 8 5 57 39 56 20 34 25 78 12 42 60 45 10 79 36 53 71 16 77 55 1 52
68 45 25 2 43 42 9 23 12 26 58 28 66 18 60 62 1 69 35 40 64 6 75 54 73 72 53 41 20 31 16 61 55 8 56 36 44 74 65 47 0 14 34 51 39 3 29 38 24 71 7 22 32 79 21 67 13 77 11 59 48 17 46 19 52 27 70 49 78 50 37 4 33 15 5 10 63 30 76 57
46 55 15 36 26 70 67 2 7 60 30 27 64 22 33 40 49 54 24 50 17 37 69 66 77 75 48 59 9 6 14 31 29 73 12 10 8 58 20 23 0 25 68 44 11 39 52 5 76 34 71 63 19 21 47 38 4 16 78 3 74 57 45 32 43 41 72 62 51 1 61 56 42 13 18 28 35 79 65 53
52 54 67 39 78 1 27 61 69 2 71 55 24 13 19 32 28 22 23 15 47 20 64 14 9 41 33 49 0 75 10 34 73 76 74 72 53 62 77 40 44 51 12 59 6 11 21 70 35 58 7 68 42 46 50 4 36 63 66 29 79 5 17 45 30 18 16 26 60 43 3 48 38 57 56 37 8 31 25 65
16 26 40 21 13 19 69 79 1 64 39 74 70 17 78 75 32 6 51 41 55 72 8 48 57 58 56 63 24 65 43 66 36 38 37 60 77 45 11 5 52 53 54 0 22 68 23 59 31 27 25 18 33 35 50 61 14 49 71 3 76 20 47 73 12 15 4 67 44 34 7 46 2 28 30 29 42 9 10 62
18 67 70 45 53 35 17 19 77 44 42 65 31 73 14 61 10 57 4 71 64 43 8 75 21 69 58 26 33 74 52 39 60 50 20 46 7 24 12 23 11 63 15 41 29 28 30 5 66 2 34 13 56 40 78 59 55 62 79 25 47 36 49 0 37 32 54 27 68 22 76 48 6 3 51 9 16 72 38 1
70 26 45 57 59 42 39 1 34 52 50 54 62 10 49 55 23 27 2 66 12 56 46 78 22 18 44 16 58 60 28 0 47 36 15 68 69 32 64 3 71 41 8 30 14 4 29 24 6 9 61 77 75 31 35 74 33 5 67 65 48 73 63 13 76 51 25 72 79 43 17 37 11 40 7 53 19 38 21 20
53 12 39 34 66 18 21 37 14 70 43 15 20 28 79 10 7 23 44 31 36 56 40 61 19 24 57 49 69 63 30 71 54 47 62 50 27 68 59 72 1 9 76 25 29 60 55 45 4 73 26 51 22 64 52 38 8 42 33 77 67 48 35 46 13 5 3 78 2 0 58 32 75 16 6 65 41 17 74 11
59 51 3 76 69 0 24 23 79 19 53 15 74 7 55 22 67 54 29 60 11 18 36 33 31 38 39 63 9 12 46 17 73 45 43 6 41 25 57 61 37 50 52 42 65 68 72 26 77 5 64 62 16 48 8 78 70 1 34 44 21 10 4 75 20 13 58 71 32 14 35 49 30 56 27 40 28 47 2 66
42 17 79 11 48 13 3 1 18 39 54 77 58 67 71 5 23 12 64 66 30 15 76 47 16 32 69 61 37 8 57 26 31 52 35 55 49 9 36 28 22 10 46 65 27 63 72 74 60 29 7 34 45 50 40 24 25 20 0 68 62 75 33 56 38 44 19 21 43 2 73 59 4 14 78 70 51 41 6 53
28 25 21 1 12 7 2 66 32 22 5 57 68 13 19 27 50 23 20 39 36 9 67 14 59 37 61 58 48 26 55 64 33 76 10 77 34 16 54 62 45 75 11 56 46 79 6 73 63 78 43 69 49 72 74 30 71 53 40 60 35 38 29 52 17 44 3 4 18 41 8 0 15 47 31 24 70 65 51 42
59 60 21 2 54 36 42 25 47 46 9 63 26 53 79 66 4 23 31 7 78 24 8 38 73 37 61 76 69 72 50 39 6 10 45 5 30 14 65 28 49 41 64 77 71 33 75 20 22 35 19 68 27 0 13 40 1 11 44 55 56 70 12 18 16 15 17 51 29 52 48 74 34 58 57 3 43 32 62 67
58 13 37 44 73 62 27 19 0 20 61 52 10 40 33 23 26 68 43 48 67 69 57 8 60 75 79 16 15 49 30 51 18 41 7 70 5 64 25 24 56 78 45 28 22 50 32 6 71 77 12 17 38 35 9 29 2 36 3 31 74 47 39 14 59 11 42 63 65 21 66 4 34 1 46 53 72 76 55 54
7 63 44 20 30 76 71 79 60 35 8 26 58 28 23 27 66 48 4 9 1 73 45 38 62 14 52 5 39 43 57 15 74 29 50 70 67 68 55 12 77 31 61 32 65 25 36 33 13 2 19 42 34 46 11 51 18 37 75 47 21 69 0 78 22 56 6 16 53 49 24 59 54 41 72 40 64 3 10 17
22 21 69 39 47 3 67 7 18 11 41 16 35 78 34 31 32 76 13 44 75 10 61 19 68 60 66 65 45 43 58 6 23 24 50 70 4 72 59 5 15 63 33 20 40 27 53 38 52 26 51 25 42 62 2 48 36 0 1 37 30 28 8 54 29 14 79 49 71 9 56 57 64 46 17 74 55 73 77 12
33 6 40 71 27 48 34 70 16 28 50 23 64 51 35 21 7 14 57 79 72 56 37 9 53 31 3 73 77 69 59 39 76 63 26 67 32 60 65 43 47 25 10 4 42 24 38 46 29 20 61 41 2 52 49 12 58 18 8 68 0 36 30 15 22 62 44 5 11 17 54 66 13 55 1 19 74 45 75 78
52 65 58 39 71 8 78 44 27 15 10 32 19 16 38 42 54 72 69 60 74 73 47 51 63 34 61 41 12 24 1 17 5 53 75 37 45 9 36 11 57 43 40 55 56 0 20 79 6 70 35 66 49 18 23 50 13 28 29 4 67 68 46 76 30 7 31 62 48 59 64 77 25 2 14 26 22 3 21 33
50 1 56 69 62 78 59 31 37 11 40 32 57 58 33 71 34 46 72 61 63 43 35 12 16 6 60 19 52 73 68 14 76 70 15 20 24 45 53 5 75 3 23 18 47 74 25 7 39 54 49 9 30 67 64 21 42 13 29 0 79 51 65 38 28 26 66 77 2 10 22 48 8 36 4 27 17 55 41 44
78 37 51 59 69 75 5 22 55 35 32 74 61 23 31 57 66 29 77 43 3 15 58 53 28 50 72 60 47 8 9 76 46 1 45 20 19 42 71 52 54 63 68 12 11 27 25 10 67 26 49 73 7 64 16 79 65 40 0 34 14 21 33 48 36 2 62 17 70 13 39 18 44 24 6 38 41 4 30 56
59 16 69 71 74 57 0 65 36 28 22 21 49 18 55 50 17 44 39 42 14 79 58 12 72 26 24 48 11 67 52 32 6 5 35 56 70 54 23 3 66 40 7 61 29 41 30 68 27 46 31 78 34 15 43 64 25 51 63 45 75 4 73 47 1 60 37 20 76 77 2 62 10 19 9 53 13 33 38 8
9 60 25 37 3 70 8 52 78 26 38 14 53 54 47 28 57 18 7 16 30 64 67 73 1 79 12 77 62 29 27 51 24 4 48 21 36 72 74 63 2 35 42 32 19 0 20 41 68 22 75 15 31 10 33 34 6 23 58 45 44 55 66 65 43 40 5 59 49 71 11 13 39 46 50 17 76 69 61 56
20 69 64 8 24 34 49 38 72 7 42 40 75 31 12 16 6 27 66 77 4 19 26 46 63 47 74 21 30 1 43 36 10 0 67 50 3 71 76 70 59 14 29 18 61 41 54 33 57 58 25 55 13 73 17 62 79 53 51 45 39 2 56 22 60 28 23 48 78 68 15 5 11 52 44 32 65 9 35 37
27 46 52 28 2 45 20 64 48 0 70 40 7 37 78 17 54 32 66 75 6 42 35 68 53 43 26 21 19 65 25 22 73 57 13 4 38 69 58 79 15 63 30 12 33 50 71 16 14 29 8 67 61 11 34 62 77 18 47 44 56 24 60 49 31 55 51 72 3 76 36 9 41 5 23 39 59 74 1 10
45 0 70 67 19 25 53 38 23 64 18 61 28 77 59 15 35 57 11 21 6 39 29 13 22 7 32 5 60 51 20 62 65 43 52 36 63 14 33 73 75 72 44 26 79 9 69 50 58 37 42 2 76 8 12 55 78 1 34 71 54 3 47 68 48 30 49 46 17 40 10 4 74 16 24 31 27 41 66 56
10 8 58 62 68 51 14 21 23 13 22 24 16 61 27 54 79 4 20 46 41 42 74 77 64 38 57 56 7 44 65 76 75 45 31 40 66 11 33 6 59 3 52 43 18 73 12 2 72 29 47 9 35 55 1 25 5 69 17 67 70 53 78 63 48 34 26 19 39 28 37 36 49 0 15 60 32 30 71 50
54 53 22 46 37 33 61 10 39 30 23 43 59 26 36 20 13 19 79 76 72 77 49 32 70 69 27 5 24 8 78 9 64 67 28 50 29 55 25 66 31 60 21 15 7 74 71 75 58 6 62 12 2 48 65 47 68 57 52 44 34 38 41 51 1 35 18 63 45 11 4 3 0 17 56 14 73 42 40 16
35 2 47 31 67 14 9 66 30 10 28 22 61 0 50 52 59 41 20 73 26 51 5 42 71 8 45 17 75 76 37 12 40 34 24 78 53 79 7 46 63 32 1 74 18 77 29 72 23 70 19 21 62 16 54 6 33 69 39 58 49 27 13 25 11 60 3 48 36 65 43 15 38 57 55 4 68 44 56 64
6 28 9 46 18 76 21 24 32 34 72 58 22 74 52 63 78 5 73 40 25 11 30 37 19 47 14 7 10 68 56 12 1 0 27 60 31 65 2 33 50 20 44 69 17 23 15 49 4 61 59 53 26 35 79 36 43 42 45 57 62 3 70 8 29 16 54 75 39 67 71 38 77 48 51 41 55 66 64 13
72 76 7 64 29 50 37 13 20 77 8 75 71 57 2 45 0 31 56 10 65 6 61 44 54 52 70 68 59 48 73 19 24 21 74 53 16 40 18 49 27 42 41 79 33 26 30 39 58 69 63 1 36 25 3 38 5 32 22 60 46 23 67 14 9 43 28 35 4 11 34 47 15 66 78 17 62 55 12 51
66 58 62 36 28 0 13 21 42 7 53 72 5 59 64 29 22 20 14 61 24 55 37 77 35 18 74 6 56 52 9 25 65 26 47 2 43 70 45 51 27 23 57 41 10 73 34 15 63 1 30 19 79 8 68 16 44 38 78 54 71 46 49 4 12 3 69 50 60 48 11 33 39 75 31 17 32 67 76 40
54 36 59 71 68 61 42 19 16 47 49 11 76 33 38 62 51 46 39 14 15 73 30 44 64 58 1 2 34 52 69 78 26 22 43 55 50 4 17 21 53 79 10 35 75 72 32 40 77 9 66 27 63 48 28 67 37 57 18 60 3 8 13 7 65 41 70 56 24 23 5 31 25 29 0 12 6 45 20 74
51 47 4 37 24 59 72 67 75 14 76 48 21 28 58 78 26 32 79 66 70 69 56 9 49 54 16 17 38 22 50 68 18 0 74 2 39 15 12 65 36 23 61 45 11 52 29 60 20 71 31 33 46 55 6 35 43 57 40 42 13 62 73 5 8 25 3 27 10 44 7 64 1 77 34 53 63 41 19 30
15 8 70 21 13 76 38 64 46 11 6 25 42 75 65 44 22 66 2 49 79 73 35 0 34 36 17 14 33 58 50 43 69 20 78 16 3 31 45 19 1 72 29 53 51 41 48 23 24 54 10 47 39 26 9 40 5 68 30 27 32 60 55 56 59 67 61 63 37 74 4 71 12 57 77 52 18 7 28 62
53 67 74 77 4 5 51 30 47 28 44 9 65 42 61 40 72 13 17 43 7 8 20 69 59 33 12 14 15 73 56 10 3 49 38 52 75 24 11 76 6 50 60 21 16 68 25 58 54 31 22 29 19 66 37 63 64 79 70 41 27 26 35 45 0 46 34 36 57 48 78 62 71 39 18 55 32 2 1 23
30 21 48 6 19 58 79 46 31 33 74 5 66 23 51 1 24 20 59 76 10 49 44 67 55 40 15 78 54 41 72 3 0 39 9 61 18 57 4 25 69 7 75 8 38 26 64 42 22 32 37 63 77 35 68 28 47 53 11 62 36 2 71 13 27 45 29 12 70 14 16 43 73 65 34 60 50 56 52 17
30 70 44 16 32 65 58 10 68 3 46 20 28 25 73 67 23 61 22 49 0 17 63 55 50 64 51 45 38 5 48 37 47 24 9 6 72 15 78 77 35 76 21 13 33 4 11 1 43 52 66 62 29 36 54 59 2 42 27 18 79 57 56 12 14 41 40 31 19 53 69 39 74 75 71 34 26 7 60 8
16 43 49 7 17 50 66 2 8 31 59 0 63 19 55 26 40 67 5 69 10 79 32 12 47 73 46 74 36 41 29 48 77 68 38 25 14 13 72 22 3 76 35 37 56 65 57 44 34 62 11 70 9 23 18 30 78 75 60 58 33 27 51 21 28 20 39 53 52 54 71 1 24 15 45 61 4 6 42 64
61 76 29 39 66 36 79 44 45 78 16 34 64 46 15 10 26 47 77 31 71 13 41 2 12 56 55 68 54 22 49 50 38 59 7 9 14 65 42 20 1 27 33 53 62 4 69 74 52 43 6 32 24 37 11 3 23 57 25 8 72 67 73 35 28 75 70 63 0 58 17 30 60 48 51 18 40 21 19 5
17 59 42 76 16 47 10 8 53 68 24 37 57 38 67 4 75 30 50 19 26 23 11 45 0 6 73 34 14 66 31 41 46 25 3 61 70 55 48 58 28 21 29 52 72 1 13 51 9 63 15 79 71 64 60 18 27 44 56 74 43 5 35 78 22 39 20 49 12 40 32 33 77 54 7 62 69 65 2 36
